20 186
858 29 2 475 1 423 18 4 834 78 350 35 32 225 3 14 72 3 134 6
564 129 994 41 13 134 57 5 754 317 26 375 3 45 420 40 32 776 25 1
26 11 42 312 122 330 39 12 16 398 85 339 5 5 892 670 4 19 190 1
61 1 155 695 62 4 350 590 525 466 16 616 137 81 5 31 4 35 11 90
101 13 6 222 297 670 5 568 649 9 310 79 680 59 593 2 267 2 7 563
744 11 1 21 958 1 22 40 20 344 91 3 1 3 203 122 305 383 12 2
40 13 53 196 4 1 3 241 39 10 937 233 435 704 5 21 101 53 271 5
1 1 123 197 2 38 1 2 901 104 532 381 440 440 648 352 190 82 120 429
775 893 21 22 68 477 17 26 1 15 75 7 137 6 426 6 6 590 111 1
5 2 186 24 1 112 603 41 1 684 17 616 3 133 91 238 373 65 254 1
1 1 5 420 702 26 7 4 74 6 44 327 382 5 745 2 28 1 448 56
1 4 23 1 2 2 75 14 49 32 508 52 904 197 105 1 999 509 677 68
1 26 87 31 150 127 1 71 61 32 91 3 21 438 311 68 10 9 693 47
260 5 119 6 1 104 2 63 7 16 1 202 5 288 35 42 4 425 3 4
94 138 2 1 2 3 35 12 3 6 1 39 8 2 1 538 849 4 1 168
104 116 345 17 249 568 542 99 3 79 647 14 431 101 1 61 1 2 2 89
5 3 153 10 9 867 116 12 702 2 2 26 14 3 192 6 8 151 39 107
8 16 866 272 5 112 55 66 33 50 72 30 3 24 237 60 256 569 4 718
4 515 8 1 1 274 1 21 7 304 77 4 5 3 413 371 374 80 2 688
540 107 200 1 218 2 1 186 3 2 6 378 7 751 1 8 311 5 1 1
