20 51
753 7 117 1 16 370 21 1 106 322 47 602 34 21 5 3 94 10 70 428
40 28 1 3 294 132 139 771 29 13 1 1 41 1 2 13 78 74 1 171
3 236 1 7 1 14 16 945 219 2 11 9 511 200 78 1 22 21 135 2
32 6 294 541 5 1 1 1 51 11 613 1 2 2 8 567 5 8 101 61
874 969 628 886 108 120 1 213 5 5 1 225 81 4 1 14 617 851 12 44
847 43 1 66 6 381 26 10 2 11 26 5 2 1 792 3 52 159 1 5
421 141 188 552 85 27 2 783 1 188 26 5 109 735 28 1 14 8 125 690
1 92 80 1 85 45 795 56 94 8 915 97 100 25 16 18 34 7 1 184
74 96 25 1 7 427 1 7 988 3 20 99 1 19 687 9 536 11 5 176
13 127 607 1 1 529 9 20 852 926 75 6 2 4 647 6 145 358 2 11
22 100 25 57 2 44 553 11 11 752 9 473 821 70 926 5 18 149 2 36
8 1 1 71 495 1 3 4 3 392 7 663 2 47 69 14 3 415 26 375
5 5 97 4 1 206 420 97 353 362 33 284 4 113 90 45 8 89 1 210
266 1 54 37 49 2 39 911 19 3 827 205 1 59 2 8 48 217 51 154
438 115 461 6 102 447 12 20 26 4 29 73 33 8 3 359 23 12 13 206
293 175 2 403 1 353 6 17 29 341 6 13 134 15 24 2 89 5 6 330
594 120 68 837 44 2 266 70 8 57 111 7 317 482 7 489 305 33 5 62
6 6 8 115 4 43 14 449 14 1 2 5 4 121 402 3 5 5 1 158
100 13 6 14 37 32 1 20 59 322 577 133 10 621 860 148 89 38 3 214
15 555 6 87 11 172 6 20 1 18 1 549 220 4 624 17 1 2 22 18
