20 58
771 129 14 4 63 3 3 90 64 4 2 400 99 273 56 152 145 30 96 2
111 45 2 2 69 300 109 59 21 82 97 1 15 374 11 308 238 17 66 124
277 27 85 47 5 675 85 9 47 46 2 337 23 445 388 1 816 17 214 1
338 24 3 5 1 236 67 4 158 95 681 884 13 6 456 538 7 82 2 69
169 4 1 2 42 70 3 5 6 304 286 5 13 4 485 125 538 1 7 201
1 21 37 1 1 9 3 97 689 2 236 113 201 39 28 8 31 429 5 88
34 18 103 5 16 13 94 4 7 161 994 5 1 1 27 511 31 844 6 34
48 2 731 507 125 428 66 17 45 533 15 56 9 1 1 284 342 89 49 31
48 105 113 158 9 919 1 49 7 14 9 180 2 2 818 239 14 888 278 2
213 16 82 38 270 11 543 100 32 673 387 139 334 1 482 4 19 308 112 4
5 1 128 23 1 23 2 42 15 4 241 5 790 40 54 788 22 190 1 1
104 2 91 26 4 97 85 12 22 4 58 127 22 106 19 3 707 834 1 98
175 1 34 679 132 1 2 4 437 403 1 6 7 8 62 18 21 4 23 1
2 642 7 605 354 3 114 3 154 9 4 14 593 32 93 13 3 497 6 161
33 1 347 20 599 577 906 110 6 5 43 292 429 1 1 761 4 33 1 5
31 4 18 2 14 268 350 7 12 356 2 1 375 3 232 6 8 322 3 30
1 3 65 4 11 2 9 886 11 7 3 9 416 58 131 1 361 18 402 308
540 576 24 28 996 6 13 11 339 1 203 26 18 812 470 258 101 109 194 39
1 751 47 1 972 2 52 4 41 84 106 71 51 6 89 5 56 1 22 4
329 11 62 266 73 32 18 2 2 4 81 173 7 650 121 8 15 1 555 91
