20 326
355 76 16 14 1 1 593 36 345 193 1 9 807 900 3 48 29 49 2 11
541 6 39 73 1 47 1 68 61 442 16 376 13 19 3 277 1 354 5 410
117 9 385 2 259 10 731 3 5 31 153 223 344 1 10 262 68 2 10 5
65 20 3 32 27 48 6 19 2 427 3 248 16 14 2 19 27 2 306 204
818 2 21 150 58 24 558 2 1 5 164 7 527 44 60 8 16 2 42 1
1 238 1 4 488 2 2 155 176 1 6 71 562 46 21 192 29 137 73 64
44 260 2 1 35 8 127 614 23 300 2 510 507 7 3 272 2 4 3 7
206 12 469 4 3 4 1 89 42 13 8 281 104 16 26 426 9 172 22 196
8 2 21 39 3 585 126 2 956 121 170 7 77 6 44 581 3 7 703 46
53 45 2 11 1 428 2 87 5 3 5 62 26 25 153 1 190 18 4 6
960 38 179 1 16 2 649 26 71 220 105 150 2 141 68 58 5 225 46 19
763 76 18 22 201 185 36 2 233 79 16 14 3 7 77 273 703 3 71 521
84 46 100 206 581 89 31 11 95 1 2 732 178 9 3 418 5 246 68 280
1 209 108 264 12 434 1 9 40 6 209 452 4 778 23 49 36 6 41 6
17 13 21 25 103 18 183 92 53 7 12 370 689 82 276 2 994 29 193 2
18 10 108 82 171 1 816 3 6 6 2 315 38 716 63 45 87 109 46 733
642 790 96 16 18 1 22 72 35 919 4 50 10 55 991 225 66 1 5 70
131 285 228 757 21 484 632 26 208 75 48 1 10 24 307 4 494 660 7 32
5 7 200 34 68 11 43 55 2 445 52 246 540 2 10 7 9 46 701 11
8 15 945 891 115 1 488 3 6 6 1 72 929 78 39 8 1 298 9 23
