20 208
572 1 17 4 6 458 264 8 851 131 51 496 693 375 7 103 544 1 129 2
19 41 29 11 47 55 16 94 2 23 131 16 904 46 86 577 182 81 1 14
1 42 22 184 1 741 1 444 7 258 38 6 217 9 3 88 97 14 1 238
72 3 5 20 8 15 2 69 225 20 559 1 2 1 7 2 35 7 1 11
344 6 2 336 350 8 16 61 1 19 716 9 13 8 26 68 509 175 50 10
143 2 2 420 1 2 352 2 32 531 14 552 134 108 4 6 72 55 4 21
77 326 161 40 14 312 823 41 62 486 229 53 1 11 39 102 54 1 40 1
34 65 4 17 905 211 746 106 41 14 41 290 3 172 754 2 462 27 67 5
361 913 4 69 10 737 239 588 31 313 3 55 4 22 5 14 13 163 8 114
586 2 594 4 5 199 34 410 6 196 224 1 584 132 9 191 4 9 970 289
22 447 16 76 787 5 180 1 12 9 137 21 494 22 7 3 18 1 834 317
14 8 1 13 725 74 503 428 21 1 262 1 13 6 1 38 833 418 85 13
8 4 1 293 15 60 710 858 12 565 16 41 7 38 9 730 133 45 18 898
5 295 155 43 502 2 32 24 4 9 795 15 193 5 279 8 918 432 252 46
105 618 2 6 235 5 7 555 519 161 46 13 32 26 4 279 185 1 218 6
19 1 144 838 710 3 115 68 342 7 41 291 380 10 3 19 878 64 20 9
276 511 7 160 52 211 371 3 396 1 5 32 8 12 558 28 29 48 24 30
6 766 44 33 1 172 1 383 22 119 396 5 11 20 103 58 11 32 18 1
1 6 134 24 167 9 88 63 71 8 995 53 51 713 23 5 2 17 950 39
16 391 104 7 171 81 49 1 102 542 17 3 2 1 1 68 633 336 162 8
