20 191
2 7 1 11 1 3 8 369 410 128 54 33 17 8 14 220 1 7 243 3
49 121 9 570 29 858 24 22 246 191 5 2 480 27 45 77 1 28 6 9
1 503 55 200 1 216 218 71 57 549 10 1 5 982 118 53 111 349 163 44
180 2 59 13 83 1 2 54 14 1 280 79 72 13 108 993 284 1 252 2
25 780 652 38 116 1 36 1 400 44 20 2 613 38 40 202 228 600 1 410
2 731 11 41 11 350 5 963 104 218 2 206 253 23 126 8 199 40 55 484
71 122 7 2 36 573 975 62 49 3 9 59 43 103 1 2 4 830 10 13
661 3 206 81 382 6 9 35 52 256 25 1 63 15 258 895 100 5 525 245
289 443 5 5 17 3 1 16 8 188 441 156 24 1 195 967 42 29 344 17
1 962 3 12 125 58 1 2 761 84 3 23 1 17 53 13 5 305 401 12
2 3 272 858 21 730 12 519 46 12 54 1 123 397 2 21 2 19 54 58
11 118 580 173 4 10 299 17 14 1 524 875 583 18 115 642 885 17 8 1
455 8 173 47 9 10 550 22 537 444 2 789 49 9 499 1 1 1 2 129
305 389 104 546 68 82 62 172 1 17 38 713 122 11 217 403 365 306 17 69
95 30 1 120 197 3 568 398 964 4 657 49 44 43 576 631 3 96 260 84
16 348 2 5 4 2 32 60 6 2 16 405 179 38 423 104 92 97 13 1
5 369 223 62 13 869 1 9 167 34 213 187 338 1 9 279 1 851 5 1
18 2 181 311 20 2 1 7 48 11 15 170 3 1 471 1 573 22 1 273
113 917 2 21 2 23 325 3 218 8 87 296 456 176 111 19 1 10 114 7
5 364 570 12 91 7 381 192 304 6 48 13 1 23 21 2 882 30 25 15
