20 378
765 46 411 4 43 15 25 210 377 1 22 1 62 3 358 534 14 14 25 13
6 10 194 319 231 33 1 116 124 5 437 372 181 178 21 252 1 59 1 2
817 1 127 806 1 151 3 11 351 85 11 38 490 2 6 3 947 388 97 213
101 4 685 702 1 60 69 192 29 769 8 1 266 483 941 72 470 709 1 3
13 223 801 1 48 38 428 4 5 28 4 2 126 53 14 38 131 21 22 43
147 126 33 82 90 1 44 144 479 4 11 3 82 493 19 374 1 225 703 809
1 22 39 49 529 1 20 73 90 6 45 5 943 214 12 2 95 25 949 82
24 1 7 4 1 24 37 4 62 123 5 9 10 10 30 782 1 5 1 55
7 2 8 879 18 420 4 57 124 497 222 1 2 297 2 6 7 2 3 177
1 60 591 59 47 43 494 13 191 61 6 5 32 4 27 381 1 1 91 8
67 834 3 7 56 10 1 794 181 319 791 1 95 69 6 78 3 649 1 356
391 438 365 150 63 3 2 5 304 60 929 20 754 24 631 13 130 15 8 182
717 208 5 2 74 61 154 260 4 841 1 1 201 664 39 254 8 5 493 154
1 463 26 16 1 285 239 52 5 12 3 5 20 2 742 87 5 61 583 12
853 6 4 438 49 12 82 56 201 273 5 17 2 10 12 282 60 374 1 39
483 51 1 11 3 9 2 838 1 918 497 5 3 205 2 3 46 809 764 14
79 56 12 2 355 37 7 84 40 46 4 5 5 735 78 65 11 683 3 23
101 305 1 4 819 149 2 25 17 1 989 33 205 31 1 3 127 656 716 10
15 104 136 66 3 31 25 21 6 117 4 2 522 11 6 293 748 2 116 205
52 1 84 1 3 3 73 8 292 647 5 332 165 21 5 40 193 20 53 601
