20 54
3 19 106 34 471 8 745 223 1 230 1 2 17 1 33 2 370 474 178 450
164 318 1 6 1 40 2 11 373 963 10 26 2 93 225 2 2 7 37 22
955 10 49 127 28 3 1 52 2 57 82 623 5 67 211 175 1 766 86 5
2 26 24 3 5 37 138 7 1 8 15 1 1 200 54 73 40 3 77 704
3 326 76 1 127 14 6 936 26 639 1 182 529 483 45 101 552 82 87 374
347 4 2 42 91 34 74 3 2 81 11 1 18 1 1 12 54 8 73 77
9 1 35 82 242 124 512 6 513 1 27 140 95 9 27 242 5 1 2 530
450 166 641 42 214 5 802 4 1 2 1 7 2 353 35 15 391 2 42 11
2 1 14 183 101 1 92 87 24 1 20 12 1 14 192 684 5 2 1 93
3 1 1 34 31 6 159 87 167 2 582 63 74 891 186 291 44 16 4 10
464 1 1 2 2 3 7 337 1 107 5 7 4 753 6 3 81 769 187 265
51 442 189 370 378 1 140 35 167 4 2 398 80 76 31 76 46 17 37 33
1 76 1 605 206 222 116 121 8 96 6 749 942 126 683 5 7 1 8 23
1 4 147 27 16 20 464 468 9 8 5 83 97 65 64 1 10 4 608 447
25 2 84 45 4 272 8 105 617 45 12 13 40 100 6 61 27 21 11 2
1 180 325 68 11 206 1 31 1 2 22 434 3 464 100 534 25 1 59 510
1 6 77 42 1 18 1 1 550 294 740 10 4 2 19 22 511 11 5 1
103 30 763 1 15 617 100 980 6 113 4 364 4 8 84 973 29 244 2 5
1 27 796 334 170 10 24 84 2 28 66 159 291 923 1 6 195 304 43 1
25 19 342 751 238 65 10 1 1 70 265 4 549 7 80 58 18 104 659 1
