20 359
1 6 652 11 6 7 180 1 1 3 720 5 5 289 7 25 111 6 209 9
445 68 4 1 1 33 1 275 704 8 2 99 514 55 1 144 466 262 23 145
55 5 490 9 14 798 389 438 19 1 186 2 52 20 74 81 74 255 817 131
1 497 9 29 2 147 27 134 1 145 3 1 17 1 72 61 8 504 24 216
128 23 1 25 203 1 33 8 271 15 3 11 2 412 19 917 42 6 98 2
10 95 291 31 172 605 22 111 1 82 2 718 460 64 22 5 32 164 4 127
14 62 67 14 1 35 2 2 129 729 297 10 1 337 35 476 1 11 64 171
570 351 5 31 9 1 442 188 2 1 549 223 697 14 5 268 6 7 524 2
108 26 11 27 79 454 4 43 125 521 3 12 10 29 285 121 5 1 37 30
39 1 561 89 371 4 85 181 175 87 132 416 17 80 10 115 114 38 5 219
180 26 99 60 78 28 3 139 10 575 91 774 6 260 2 13 9 19 475 529
448 9 1 5 14 85 2 356 1 541 21 21 122 2 13 51 9 252 37 225
1 43 115 80 6 1 9 219 43 46 101 1 3 11 330 88 545 132 16 4
33 1 18 12 10 190 216 277 372 300 336 17 103 1 24 722 284 302 21 25
89 9 483 74 190 383 7 1 6 681 184 2 3 5 27 1 6 424 14 3
384 193 101 84 137 40 1 23 796 64 807 30 1 745 9 238 348 10 867 37
669 45 208 1 434 85 1 3 27 2 627 830 1 1 73 171 102 18 35 104
167 96 162 8 1 69 56 442 3 9 3 1 27 1 4 115 1 1 269 1
774 101 1 42 22 947 340 48 24 22 216 297 27 9 76 18 1 1 460 1
1 471 463 1 2 291 680 5 2 37 26 50 18 801 6 10 31 431 29 5
