20 124
4 15 1 26 628 185 554 28 1 20 208 12 1 17 282 1 1 49 3 34
6 178 23 360 598 4 1 247 135 115 104 120 79 24 246 2 2 76 14 88
214 114 1 12 294 123 27 90 19 96 37 33 245 536 90 805 873 1 1 304
44 1 12 153 1 223 582 281 8 15 3 113 548 292 694 470 3 1 33 6
22 133 16 36 2 218 84 4 542 270 25 41 2 13 995 10 6 91 6 235
1 70 1 474 22 4 422 5 1 122 648 54 98 6 310 191 58 1 825 8
18 3 643 414 2 18 149 1 133 762 3 6 570 3 476 11 66 1 113 13
19 4 606 1 71 13 93 4 5 5 435 3 7 106 47 107 168 200 1 18
41 237 352 753 40 251 61 11 1 2 30 232 5 5 12 2 9 29 786 3
1 1 23 1 688 1 9 38 1 79 2 525 2 3 801 17 53 4 8 472
2 219 2 66 70 1 14 1 7 27 4 766 16 9 912 442 149 2 317 30
163 1 23 2 1 1 4 15 62 42 353 31 4 15 54 218 19 3 4 443
2 5 16 136 453 99 8 1 16 1 37 983 31 7 157 158 540 20 1 2
19 45 799 1 15 5 38 150 5 187 19 324 28 206 160 48 248 116 485 886
266 4 231 262 2 365 2 23 34 200 25 268 5 427 215 7 79 48 19 173
334 799 973 1 42 774 77 437 3 22 6 3 1 58 54 10 18 26 34 1
23 4 287 126 77 6 759 2 1 2 2 15 1 2 2 17 33 31 15 1
1 16 1 7 4 132 791 85 199 401 8 19 9 79 35 73 3 5 31 577
97 1 22 31 66 61 860 7 13 95 2 47 3 1 1 252 25 20 308 25
42 6 306 30 2 594 2 31 13 48 328 53 106 644 25 25 307 7 53 423
