20 172
160 38 2 5 1 18 407 11 87 39 48 58 332 4 117 56 348 1 10 11
105 123 52 1 113 1 221 3 1 84 898 373 13 4 103 11 969 142 700 32
70 22 13 204 1 100 218 10 459 721 3 7 68 130 504 408 11 536 42 200
1 25 228 201 796 13 644 301 233 21 1 26 36 145 812 239 9 18 92 130
802 171 686 13 11 22 13 311 1 19 162 152 4 340 149 2 3 288 591 45
838 5 2 462 134 13 90 32 1 1 55 6 9 210 35 516 58 9 12 987
2 712 10 43 42 5 16 144 15 301 845 6 124 546 11 473 76 114 54 261
18 16 1 2 367 456 1 3 2 5 16 274 137 71 15 6 12 20 247 256
415 22 1 4 55 774 66 3 253 3 8 129 6 5 103 56 830 1 442 76
923 3 11 10 35 1 83 137 109 1 5 2 8 1 266 2 829 17 794 2
1 2 2 89 163 370 5 8 10 1 751 7 16 358 8 1 30 168 13 17
5 456 543 14 1 11 34 65 1 892 15 67 791 314 349 33 9 241 105 36
148 44 117 6 168 68 2 9 626 139 24 5 31 63 3 596 248 5 1 138
234 46 135 2 7 133 1 365 165 1 593 1 51 220 1 1 52 2 11 696
179 5 29 47 29 812 40 975 9 935 16 122 450 1 27 19 509 194 767 337
6 955 585 11 107 191 289 137 10 14 2 8 289 193 46 1 4 35 1 5
50 212 373 697 130 11 7 275 38 1 12 13 49 490 967 143 3 35 18 7
10 22 841 773 71 61 42 32 14 7 13 246 25 174 3 8 1 4 222 83
17 482 8 17 54 34 89 53 1 633 150 82 172 4 308 11 3 190 15 587
103 1 84 89 110 10 267 725 9 1 5 1 7 12 3 17 2 572 62 40
