20 173
4 7 805 481 132 570 46 28 6 6 111 134 2 53 1 9 5 126 19 36
5 7 751 61 35 69 2 4 829 1 3 1 125 2 62 3 4 104 44 1
961 7 70 462 81 67 5 2 58 3 490 469 17 6 376 83 3 43 20 1
45 27 360 517 82 24 4 1 750 2 17 668 541 85 73 741 4 1 2 4
12 180 13 776 520 49 112 483 21 12 52 23 35 74 39 44 117 253 2 3
93 3 15 146 237 243 1 5 9 7 16 1 648 798 12 5 122 75 22 149
79 4 2 1 222 731 1 21 429 877 616 455 36 10 5 24 5 568 418 2
8 1 128 998 31 9 5 11 65 1 109 67 15 862 5 42 421 28 862 1
6 185 44 671 31 3 962 88 473 40 131 24 283 3 1 218 150 8 106 9
790 70 16 1 68 3 193 13 2 163 3 503 1 1 2 14 811 300 10 1
792 152 313 24 378 1 10 6 9 93 155 3 184 81 90 1 18 43 29 1
966 26 5 307 20 24 121 12 5 2 718 130 356 10 147 62 78 40 4 366
17 84 174 17 733 258 590 3 15 2 366 183 169 49 47 7 2 396 33 485
483 1 80 868 2 1 116 1 288 6 4 30 13 159 548 51 188 42 931 126
2 70 735 35 1 2 3 23 472 379 52 905 35 170 2 169 167 2 31 12
3 426 2 7 26 39 59 176 34 68 16 1 279 1 6 279 249 67 349 1
6 41 3 13 2 6 2 734 1 419 56 194 5 3 1 30 10 568 2 864
5 29 60 1 3 1 2 1 3 4 381 4 15 606 574 35 25 2 2 296
76 2 7 12 5 1 166 34 492 6 153 1 608 1 987 377 7 93 27 10
15 15 3 77 2 4 50 284 1 149 81 13 1 6 54 327 62 532 111 352
