20 265
2 745 126 2 29 3 75 33 14 1 3 27 300 216 28 127 6 43 19 5
818 7 57 3 471 867 3 20 2 2 71 27 417 18 14 1 3 11 1 171
4 56 82 448 521 1 434 16 16 282 822 5 36 97 49 665 828 1 25 6
15 14 881 20 19 144 143 85 5 1 56 2 50 33 11 39 145 5 239 1
531 67 807 18 23 860 14 2 8 268 82 14 94 3 2 985 3 4 3 6
5 12 13 166 108 1 9 3 29 54 177 31 1 1 461 6 6 50 1 4
304 11 382 12 6 156 6 3 56 1 49 1 23 16 1 931 1 3 1 2
494 7 1 34 3 271 156 320 7 1 455 407 35 290 150 443 171 22 15 93
356 189 4 2 195 3 624 264 143 563 362 118 334 7 237 10 2 63 23 10
26 2 126 34 1 6 29 1 5 50 11 69 25 631 336 474 3 233 288 956
2 20 302 291 1 112 3 175 204 299 433 43 83 5 1 4 17 5 2 5
3 19 11 86 63 54 139 5 3 49 551 33 223 8 20 38 241 235 3 25
1 734 537 8 37 217 132 5 46 3 77 97 3 201 365 1 3 380 3 1
700 879 1 48 8 3 9 1 10 144 744 4 13 23 29 30 1 1 6 2
422 1 44 139 2 1 725 2 12 89 86 1 6 305 128 502 1 345 17 6
42 4 131 119 147 1 58 120 189 308 37 1 88 18 253 13 2 947 43 393
102 884 37 7 7 566 863 8 3 6 1 94 29 33 412 2 8 10 1 454
32 16 674 350 10 25 842 289 1 13 73 53 62 2 112 964 601 53 2 242
54 3 156 3 1 34 94 184 13 12 50 252 5 3 246 68 90 1 802 2
6 172 224 977 1 419 1 1 211 53 52 91 16 2 818 47 242 13 1 2
