20 280
3 2 719 431 1 3 223 1 3 634 293 1 355 162 200 60 326 62 14 772
1 40 42 2 444 72 33 145 344 7 141 11 505 121 66 37 303 1 28 9
1 116 28 166 743 40 550 784 2 23 38 149 35 151 3 18 134 13 88 1
1 7 390 358 4 6 69 122 2 15 109 53 1 1 5 41 1 406 304 137
1 2 433 83 5 776 16 34 4 1 1 1 121 95 11 36 4 2 2 1
8 37 5 21 21 361 31 706 102 48 7 60 12 83 42 480 44 1 45 16
528 197 106 10 735 1 1 89 3 124 14 65 2 13 1 4 516 472 5 1
617 156 40 5 1 907 4 870 9 17 1 13 8 446 101 109 443 7 171 48
1 15 44 20 5 25 3 7 718 129 141 130 246 998 134 25 8 479 8 15
1 26 968 19 29 53 4 774 50 39 870 1 85 11 220 48 6 1 110 90
497 65 23 83 67 686 1 33 51 20 4 103 8 484 333 1 5 186 356 171
1 10 7 12 122 40 2 360 7 39 7 13 280 71 33 28 7 5 2 516
4 324 3 167 213 11 1 10 1 2 246 3 1 111 157 10 293 13 69 1
3 954 348 14 2 15 201 5 20 42 1 6 1 1 108 14 9 119 212 5
65 187 287 1 224 38 32 48 225 2 288 8 358 315 22 2 3 2 6 899
10 4 4 388 2 10 37 7 298 260 73 164 551 309 28 24 224 2 5 1
3 198 12 16 442 91 4 116 357 47 59 68 698 13 8 143 22 33 615 2
569 16 126 736 29 11 122 1 451 16 218 6 406 15 2 1 88 136 54 3
3 7 288 110 14 21 4 638 26 1 4 14 616 906 82 105 10 99 4 828
3 4 416 147 122 467 295 637 86 472 123 13 88 21 1 15 226 83 662 39
