20 130
4 565 690 45 82 243 878 443 66 3 144 21 19 336 30 476 1 1 89 52
5 31 1 13 1 338 54 832 138 138 2 4 259 1 41 680 15 8 60 108
87 353 560 190 7 337 53 12 777 133 1 2 32 7 991 89 1 193 24 15
537 1 6 1 4 126 167 12 8 2 39 158 18 14 66 21 2 664 60 10
2 149 1 13 338 1 69 359 71 629 105 2 98 32 2 519 229 339 11 95
137 54 114 1 8 5 15 627 18 641 709 661 2 18 4 33 214 907 3 16
2 493 4 1 15 3 4 666 9 1 103 4 303 18 1 68 89 130 565 4
555 4 902 4 196 17 970 1 2 89 226 49 166 55 13 1 68 538 36 1
13 2 3 489 228 20 215 1 7 18 1 2 11 735 1 464 758 272 306 9
485 1 213 11 398 142 12 7 336 525 693 2 900 3 104 462 17 113 376 233
337 33 5 9 12 3 34 23 1 2 7 18 2 3 857 102 6 313 30 53
33 11 564 3 578 270 2 19 1 5 1 48 193 313 1 2 503 872 833 17
2 4 9 19 555 610 110 245 8 42 11 36 1 458 750 307 3 48 6 1
22 692 848 231 1 166 917 179 3 47 802 589 48 62 529 27 46 388 4 4
354 2 492 606 493 654 33 7 1 84 288 95 6 50 24 49 371 1 149 779
35 126 39 443 771 7 42 29 2 10 39 908 2 82 1 1 11 116 426 89
28 32 843 603 213 130 43 1 420 825 342 34 12 5 6 62 76 53 294 3
57 94 1 2 2 3 13 122 3 655 2 328 96 8 16 2 176 145 2 1
5 2 1 28 1 14 79 4 3 30 822 1 74 103 16 22 893 3 697 765
39 50 32 21 1 43 32 513 186 84 4 270 5 695 743 1 3 65 365 2
