20 40
49 854 5 7 25 253 30 15 174 41 463 155 217 298 80 6 83 1 747 54
7 234 594 332 502 30 2 955 165 95 143 1 10 358 1 5 1 58 3 1
4 141 154 120 3 3 19 1 34 66 890 1 745 943 336 77 93 14 29 26
66 280 105 2 158 87 49 6 542 1 2 106 217 3 2 10 32 30 1 181
2 3 3 261 35 13 6 4 38 4 40 801 95 4 136 33 31 2 8 3
34 315 4 975 77 24 5 289 4 20 1 69 99 108 1 1 27 1 266 10
2 68 294 16 1 648 2 4 8 43 380 18 557 7 10 181 33 641 442 406
31 1 1 1 72 147 11 194 212 330 24 27 206 795 159 13 109 5 2 220
150 250 414 311 393 735 4 2 29 394 243 15 864 19 109 255 4 1 6 3
21 44 45 10 785 214 61 118 18 385 586 802 14 185 540 62 1 1 39 73
384 954 2 44 140 144 335 439 3 326 7 3 8 2 45 17 362 35 686 454
2 26 4 4 298 2 90 63 2 27 6 10 1 346 1 10 862 17 60 37
11 21 61 40 82 829 279 2 27 27 1 8 11 5 100 3 145 51 3 136
34 32 246 701 256 14 226 20 10 11 80 547 4 60 2 281 7 92 6 13
3 19 3 741 160 7 24 114 42 29 12 6 223 329 1 1 20 39 17 3
502 1 7 130 10 4 115 653 1 100 1 77 68 548 314 4 26 6 4 110
1 177 49 195 5 545 130 61 58 267 2 20 6 732 7 93 7 524 26 7
310 6 932 8 4 28 485 48 731 3 41 109 112 44 1 931 1 68 224 20
7 14 439 346 16 47 11 28 2 412 12 14 105 15 8 17 566 328 7 22
67 7 968 1 10 528 32 1 19 4 1 79 161 25 902 79 53 1 1 4
