20 262
76 1 9 61 302 33 154 3 40 130 24 381 1 56 249 491 268 89 201 17
77 1 802 78 7 306 55 47 117 676 54 864 554 1 2 13 12 670 5 58
220 38 3 30 224 755 926 64 71 19 54 401 137 250 1 706 497 3 245 78
1 41 64 17 11 66 1 1 3 143 139 133 718 297 277 226 513 238 478 78
563 18 16 5 81 1 77 126 2 304 3 658 1 3 20 2 61 12 3 130
2 1 213 12 833 382 22 383 403 214 214 735 2 10 16 8 5 111 7 1
2 290 52 562 2 78 23 16 60 2 449 627 42 3 1 6 30 5 6 11
3 1 65 112 156 53 44 33 11 5 4 151 6 1 2 5 54 3 1 6
805 113 5 62 69 464 144 277 5 194 423 2 4 1 6 8 6 254 6 75
2 229 112 15 2 8 22 315 6 845 4 67 1 28 16 5 23 90 14 787
85 136 7 91 2 36 2 8 11 8 1 33 556 10 78 6 88 1 518 61
74 3 57 4 236 4 424 129 245 3 254 28 576 1 17 10 505 29 18 170
269 142 1 67 2 15 163 3 20 370 153 414 38 2 478 1 15 85 27 2
4 991 14 11 3 6 6 26 10 3 344 10 16 972 7 1 523 348 144 68
2 35 13 1 4 5 45 15 3 15 268 12 42 994 6 593 28 3 38 2
3 210 3 1 10 4 4 266 956 1 1 217 356 346 12 4 21 2 1 184
17 1 52 41 516 966 24 37 1 178 176 80 2 176 1 9 821 44 2 21
15 5 146 4 31 31 2 53 15 313 18 1 5 102 75 96 9 27 751 325
34 1 31 7 17 836 736 15 2 887 11 52 7 4 7 2 101 13 91 616
1 4 8 4 127 99 2 2 1 3 87 16 67 14 38 3 44 351 64 10
