20 28
1 9 17 3 31 29 492 58 11 591 132 302 1 3 2 8 208 10 614 105
7 124 246 1 1 3 26 434 2 20 539 730 947 1 142 3 6 158 696 75
599 360 695 19 3 4 1 285 26 7 45 847 12 42 290 768 196 1 231 832
11 531 2 5 3 10 2 237 399 22 2 6 44 2 46 609 6 35 1 78
4 66 245 93 10 3 92 219 188 2 5 144 68 9 31 102 20 983 9 20
2 15 17 247 212 261 18 9 148 3 60 25 90 5 103 47 14 13 622 8
16 2 17 1 375 99 12 4 29 10 9 1 15 33 1 161 2 685 496 8
459 241 148 3 3 629 5 172 37 19 290 63 14 2 26 97 7 19 3 1
202 911 38 3 942 11 64 293 447 2 21 2 14 684 25 8 28 1 3 15
29 20 129 93 166 12 14 7 3 583 15 38 19 447 188 11 29 557 67 2
27 3 1 9 8 55 4 29 4 1 1 664 3 133 140 5 29 871 2 29
9 7 6 368 11 639 64 103 67 2 12 3 5 268 67 14 2 34 1 34
244 2 74 282 1 23 111 2 1 67 11 189 41 146 1 999 3 14 382 14
75 13 148 4 2 8 5 6 49 142 1 132 41 809 8 914 224 2 36 4
37 1 781 799 7 17 31 2 787 78 936 410 42 2 4 8 128 545 16 17
23 5 101 21 3 857 17 41 671 1 5 5 33 140 2 45 2 26 133 74
4 14 2 683 1 113 6 8 42 48 31 7 18 81 340 314 72 274 65 1
2 1 257 57 246 19 3 517 3 572 18 81 11 1 3 1 15 4 33 61
167 14 384 443 1 64 18 370 50 20 1 153 86 982 4 3 225 17 53 745
25 574 35 249 57 81 243 36 28 11 6 873 247 28 652 590 15 193 1 2
