20 335
4 57 1 2 17 49 7 10 246 336 9 10 2 881 2 8 8 399 56 2
1 14 1 83 14 666 364 473 2 23 174 41 10 14 53 6 117 1 435 15
138 41 96 4 8 8 3 256 15 8 44 1 76 2 1 19 175 70 2 256
211 45 1 101 28 6 142 43 320 349 102 65 10 330 37 552 6 5 30 1
88 1 16 226 2 7 162 24 3 7 258 6 869 49 13 4 80 5 1 18
136 10 116 14 3 578 7 15 368 127 35 353 42 4 73 85 58 2 282 336
1 2 2 10 54 135 2 24 41 30 395 166 3 22 57 639 9 2 63 653
8 349 1 78 2 1 516 219 4 863 1 1 294 1 8 6 590 255 781 39
132 20 527 134 49 19 4 4 44 4 26 484 333 3 150 291 5 103 433 1
65 14 6 69 1 5 3 66 10 38 22 2 479 22 11 22 2 11 211 949
219 163 34 26 461 1 4 739 5 4 1 621 2 43 196 436 2 108 101 6
109 187 14 22 2 54 68 38 2 47 2 346 196 720 2 83 12 5 373 16
7 72 360 35 53 817 136 1 122 231 3 16 3 206 513 101 34 80 36 667
39 16 5 2 840 6 2 1 1 5 761 164 294 12 2 4 1 3 56 223
5 1 672 11 167 3 18 1 79 11 1 1 32 27 3 119 35 60 6 133
848 25 37 308 96 319 567 129 1 6 5 480 118 32 19 136 4 640 11 8
1 32 89 14 9 11 3 92 9 54 21 27 5 1 190 24 15 2 195 76
3 7 238 1 1 14 11 1 63 111 9 442 2 324 14 934 31 2 2 33
984 6 18 45 525 255 366 4 8 13 6 10 1 1 19 6 202 6 1 23
385 91 240 29 26 330 18 11 37 545 984 5 328 582 54 342 371 202 67 40
