20 275
707 3 27 560 1 604 9 19 924 92 534 26 789 233 317 2 7 4 807 6
16 667 4 100 69 19 902 154 7 8 6 46 3 1 622 37 83 67 785 8
292 13 324 439 103 12 84 7 5 32 2 214 9 776 17 269 119 1 25 416
29 901 1 65 2 61 4 325 41 328 124 488 11 143 37 658 1 433 95 4
56 8 1 11 116 19 6 8 38 2 38 616 7 6 34 649 31 8 3 24
12 7 1 1 836 45 1 1 158 268 12 10 94 3 8 321 26 371 3 261
13 21 120 7 6 438 1 40 22 289 177 6 232 20 22 41 1 12 2 21
8 246 10 71 5 67 379 295 115 34 396 3 2 1 2 3 12 51 23 9
328 9 115 128 616 967 18 18 31 131 405 5 38 522 59 11 7 28 1 41
8 1 5 376 9 595 4 14 3 10 1 570 348 34 2 14 251 178 10 419
158 540 248 3 100 30 1 28 12 8 6 40 16 2 202 172 36 208 96 6
104 2 43 1 1 17 53 18 728 129 5 814 326 174 30 9 204 19 1 8
477 15 1 65 1 508 3 3 7 176 723 118 4 446 72 1 363 48 226 810
15 28 131 6 4 7 3 799 622 521 26 754 52 8 445 3 36 649 126 143
400 25 534 5 8 134 716 79 10 99 101 23 25 58 7 122 10 17 1 384
3 258 12 411 24 2 406 12 796 7 79 2 521 7 50 278 534 1 163 2
6 680 746 168 140 1 7 10 20 967 30 89 11 1 19 19 247 41 521 2
42 1 322 477 122 1 437 55 10 5 60 1 2 2 1 59 565 223 90 1
39 6 568 2 202 67 9 8 11 20 3 984 45 61 369 70 56 2 34 11
47 394 266 1 2 2 12 20 98 3 889 9 550 67 14 771 143 1 3 3
