20 252
1 23 37 2 16 12 26 9 5 13 687 215 943 11 3 4 51 19 1 3
7 324 180 143 1 217 38 5 48 256 12 2 516 610 1 427 3 5 471 10
1 13 905 1 150 5 4 2 194 249 9 4 35 53 19 1 14 17 2 351
6 37 74 856 68 9 52 132 2 49 313 24 97 121 5 57 14 7 3 310
971 303 231 201 7 719 170 1 44 26 7 909 880 37 3 11 1 2 25 25
367 2 16 124 19 700 3 28 258 30 7 680 240 116 2 5 45 414 2 3
168 12 64 1 231 13 17 657 26 1 10 123 7 85 12 352 119 4 692 743
5 1 254 3 268 3 25 1 23 30 88 27 2 1 10 6 1 2 850 52
533 152 4 5 689 302 129 681 149 1 3 33 6 54 14 401 4 1 1 1
2 1 48 27 9 6 8 97 379 23 246 299 72 271 1 5 779 1 1 2
3 8 104 520 188 13 237 85 59 304 376 69 1 5 35 3 19 26 22 2
739 870 2 9 342 3 203 736 44 38 11 1 1 1 7 14 74 27 2 931
762 33 11 86 1 177 1 3 4 526 1 1 816 405 51 11 3 80 118 41
96 51 3 19 21 1 121 3 1 2 8 52 23 2 84 338 41 714 139 680
519 29 43 34 216 1 176 811 2 580 4 25 184 13 624 348 105 1 1 40
45 40 1 31 4 236 211 973 1 113 55 238 74 256 3 28 1 1 280 528
27 50 3 5 59 1 5 229 1 124 590 2 63 697 31 871 47 230 212 2
28 19 2 1 15 3 8 111 3 3 107 6 348 64 1 1 7 2 10 1
10 27 17 3 10 38 106 2 3 2 2 133 184 772 19 970 48 332 6 305
191 442 2 256 1 43 9 1 10 14 47 7 10 43 174 5 1 43 110 765
