20 93
118 621 7 31 2 1 70 772 135 36 2 188 217 334 51 204 7 71 2 3
20 12 5 6 22 227 5 4 86 1 2 2 3 422 68 603 278 41 708 36
52 191 25 579 3 12 5 1 55 461 252 91 45 96 219 493 68 2 153 185
426 11 14 50 923 114 4 293 12 592 92 12 204 80 114 23 562 13 546 449
4 14 90 4 182 15 424 1 11 74 4 575 755 9 1 746 44 2 4 23
30 4 277 1 111 183 1 119 11 51 2 579 1 22 10 1 19 601 77 24
98 75 110 10 19 3 9 40 185 1 23 305 87 59 36 7 312 673 40 5
298 34 61 278 10 90 22 11 441 10 9 98 17 629 12 370 154 296 64 1
807 1 61 1 204 1 62 19 204 66 409 292 92 87 471 369 2 76 75 2
4 726 1 104 19 20 85 56 515 227 1 11 32 14 189 251 32 607 54 2
3 213 1 94 14 135 227 2 215 10 19 10 3 8 90 9 633 848 172 3
30 22 8 20 198 18 59 214 109 1 6 4 15 7 464 1 1 1 759 955
2 10 192 616 405 511 28 57 5 2 45 3 43 683 59 246 1 6 43 260
4 5 145 1 61 549 14 10 16 653 1 28 33 173 24 4 26 11 207 22
1 12 621 984 19 196 2 187 13 212 2 4 201 2 8 10 380 1 12 6
42 2 875 383 18 12 38 1 99 12 2 42 198 292 98 2 688 272 2 520
5 10 10 39 583 286 169 126 74 1 1 2 175 11 3 4 1 2 541 2
178 43 10 982 707 454 13 5 76 392 3 12 49 136 3 167 506 5 2 7
335 9 398 1 1 87 399 30 211 144 1 5 1 52 1 1 418 286 17 152
6 174 20 2 14 314 471 11 2 243 27 6 11 214 84 14 1 73 51 249
