20 282
1 15 77 26 51 38 136 199 6 6 211 6 447 57 9 577 708 1 178 40
7 1 2 14 157 16 1 435 166 181 537 437 5 629 2 1 18 48 363 13
20 272 203 110 7 8 19 3 93 401 4 2 96 112 299 991 5 1 21 14
418 236 6 13 1 877 11 12 2 1 1 636 285 457 85 17 85 4 120 113
261 39 8 747 2 21 513 5 66 242 24 3 297 3 7 64 7 2 7 1
1 276 87 30 11 769 154 558 195 3 94 911 43 215 949 4 4 11 390 814
282 101 961 257 238 7 1 4 956 731 85 32 3 3 124 10 5 252 365 286
11 30 61 84 251 51 1 2 57 279 928 37 4 11 839 780 63 1 83 2
590 216 4 13 36 124 1 2 72 21 4 184 9 26 1 23 3 2 2 49
583 55 518 54 1 316 313 1 249 4 35 96 6 113 580 14 4 51 4 166
1 55 3 2 9 228 81 6 162 4 405 1 28 6 9 290 16 135 150 281
2 17 217 9 106 77 210 396 9 673 70 68 470 2 10 3 564 271 9 2
389 2 105 618 44 16 10 823 31 263 681 45 7 10 11 8 824 35 49 536
64 3 100 4 25 785 1 44 27 2 599 91 29 1 192 41 1 246 6 1
8 308 103 38 70 95 93 189 683 236 5 3 5 217 205 589 68 919 670 4
47 135 450 44 8 170 11 232 182 2 393 6 4 24 14 14 1 632 8 31
16 6 245 1 41 530 9 20 177 685 320 12 55 234 843 5 43 2 1 98
730 1 15 184 40 644 7 325 41 35 483 12 117 33 5 307 32 296 3 8
6 13 559 357 91 270 162 10 47 1 3 1 8 415 1 2 1 24 48 1
5 28 3 58 70 138 8 20 103 168 42 431 28 4 96 1 7 120 19 30
