20 343
218 403 4 879 1 108 36 24 562 102 323 300 339 379 136 41 294 432 2 217
261 5 1 3 209 59 1 926 19 20 99 2 11 2 53 8 53 144 3 1
106 5 125 411 259 321 1 336 5 100 412 7 46 86 468 338 395 32 283 1
238 262 6 389 523 39 8 1 263 4 34 535 23 234 362 2 2 670 261 69
20 18 10 327 399 93 3 438 424 29 797 3 878 899 26 247 1 561 33 20
2 11 2 2 105 1 61 2 2 86 674 1 12 53 510 124 2 24 597 485
142 1 47 157 462 1 13 126 420 197 1 23 582 58 242 519 659 9 28 10
440 14 15 138 159 72 2 59 10 8 299 1 15 27 23 304 4 212 14 42
49 5 59 69 171 10 190 9 136 3 45 86 15 1 6 430 2 1 1 662
64 73 79 122 248 179 3 158 463 31 1 122 2 50 467 2 92 53 2 113
4 12 386 162 4 3 10 66 15 281 168 5 185 28 7 1 353 9 75 5
268 166 738 240 141 810 76 2 19 288 4 27 14 1 1 4 156 540 129 65
45 18 90 42 1 24 26 3 14 168 11 137 6 36 72 111 460 29 805 2
542 33 3 2 18 760 183 829 1 829 62 3 7 104 542 594 18 409 1 1
3 14 133 24 472 2 2 81 479 222 1 128 982 78 32 49 24 56 2 9
848 36 157 396 3 5 5 996 1 34 3 5 2 60 1 61 421 8 6 300
23 49 9 14 1 206 55 27 2 1 96 1 18 335 5 38 5 39 15 332
24 6 4 24 95 146 1 47 1 9 332 505 86 95 371 45 25 12 26 73
56 683 237 54 630 47 4 160 27 4 504 520 978 65 1 77 610 19 200 1
101 38 4 174 103 3 92 7 762 16 85 559 2 24 4 133 1 7 2 2
