20 323
600 95 804 121 656 12 70 7 34 538 2 2 521 450 7 3 5 1 426 4
111 2 978 37 56 87 47 1 2 6 7 290 953 97 2 27 1 1 326 39
397 413 372 713 3 2 3 28 5 15 318 48 121 2 23 194 582 23 14 22
435 5 3 225 668 63 6 3 1 180 357 212 4 31 6 68 161 3 466 33
23 46 62 2 1 195 82 10 906 224 5 31 6 5 3 14 362 1 297 6
24 10 235 260 218 423 3 11 128 4 235 17 1 4 3 184 4 52 332 363
71 136 149 6 2 7 999 57 2 70 4 622 7 1 952 8 8 495 129 240
102 268 7 454 8 12 31 64 53 9 207 411 81 35 316 1 18 80 68 10
154 188 921 177 85 1 1 2 544 42 12 6 70 815 53 191 846 11 353 500
70 267 117 484 235 33 419 20 1 12 65 49 1 178 22 437 138 2 239 181
4 189 11 104 89 285 60 6 3 18 1 795 2 10 2 1 25 2 10 88
53 136 5 28 202 1 13 2 1 9 24 6 231 25 1 112 848 32 71 4
420 93 11 30 534 57 88 30 15 149 333 876 13 36 952 7 6 243 5 203
26 635 171 14 3 36 7 93 611 4 473 856 11 28 8 3 89 18 1 4
34 18 644 17 284 102 78 1 7 3 12 671 2 6 1 159 1 575 1 117
66 35 166 72 3 13 866 5 184 64 174 2 1 266 1 1 229 232 15 4
76 1 7 937 4 41 199 1 157 12 254 2 179 9 30 59 12 33 30 196
12 24 89 3 57 4 2 256 234 167 1 121 750 241 69 204 773 31 1 33
68 261 3 846 727 125 47 459 5 50 164 263 2 15 662 297 282 317 373 325
1 23 1 486 418 25 493 67 446 8 855 4 4 3 32 3 2 647 47 21
