20 263
454 19 364 664 7 19 58 1 3 255 2 366 9 51 10 837 137 10 2 1
131 676 87 107 128 2 13 46 1 376 767 229 2 26 323 607 75 1 10 4
13 365 1 11 4 36 537 963 350 488 217 1 6 10 3 24 38 507 1 911
1 250 452 32 41 106 7 195 4 5 1 1 79 97 3 304 57 4 3 2
922 184 3 3 9 111 50 678 161 20 47 17 17 5 2 228 20 255 3 450
519 11 762 405 1 14 2 231 59 107 656 217 162 21 375 10 14 176 61 16
141 17 460 3 54 3 6 45 145 10 223 1 901 154 211 944 2 118 703 102
1 678 18 21 1 430 645 7 570 22 20 2 56 295 281 6 2 233 940 1
459 1 891 457 74 30 3 2 224 4 125 204 4 148 355 699 542 177 28 3
4 6 17 32 1 14 231 3 288 68 511 283 51 1 4 8 119 3 3 2
20 3 10 7 78 5 1 217 93 387 200 1 46 1 29 71 1 35 524 51
140 1 1 5 1 5 83 3 9 184 51 6 443 895 27 2 3 95 4 293
38 6 130 35 1 4 783 1 5 957 89 2 16 156 516 630 7 6 4 28
17 1 254 6 55 1 3 947 399 85 2 203 7 408 681 3 15 1 8 351
16 219 7 20 3 2 4 259 553 7 972 3 676 157 20 79 76 5 944 8
5 328 84 780 803 28 1 1 1 107 977 1 669 3 25 1 67 42 3 19
440 746 11 9 174 201 12 20 22 2 26 18 601 6 27 34 5 7 1 760
101 703 255 7 368 6 64 15 349 8 14 2 5 11 11 4 1 3 438 26
352 1 70 3 454 9 240 14 9 130 336 6 19 7 23 7 122 422 31 1
163 20 3 1 880 1 193 23 10 2 2 9 44 30 3 20 1 4 789 161
