20 140
151 197 106 30 7 1 18 1 1 1 3 18 1 97 2 700 3 10 349 8
2 5 9 28 37 2 116 6 33 4 12 2 32 3 537 192 417 273 60 169
6 2 712 52 9 66 4 10 3 4 1 17 338 512 182 60 290 112 243 100
378 4 5 26 103 2 44 6 238 21 42 2 20 2 256 28 59 394 13 592
11 13 2 36 189 15 6 2 123 23 195 2 4 100 358 34 153 7 82 73
205 4 129 6 265 70 726 3 4 261 3 80 1 1 105 26 30 15 7 1
1 2 883 161 168 278 16 90 143 296 920 170 26 5 3 38 537 115 71 111
664 2 391 132 27 43 6 4 1 7 1 2 1 2 1 23 946 28 21 408
59 1 49 49 2 412 1 11 12 925 15 6 963 108 2 43 20 7 855 177
2 87 265 1 24 14 28 4 1 5 330 56 55 461 2 10 141 48 2 862
33 33 6 498 4 6 60 80 3 2 16 1 65 30 512 291 127 52 43 4
36 5 2 3 380 2 1 8 9 540 188 1 289 87 587 23 40 61 29 54
4 123 69 11 1 1 7 5 1 3 886 877 122 5 357 196 58 39 2 25
52 38 19 699 501 22 36 1 15 10 18 886 2 3 7 4 125 4 183 320
104 19 191 247 177 105 252 67 91 51 14 397 1 5 22 128 1 9 409 122
5 2 6 14 2 3 419 6 323 41 90 409 29 13 123 368 1 564 1 1
12 7 2 65 2 25 634 5 1 6 339 8 24 13 6 24 160 20 360 62
723 16 41 156 4 4 78 33 748 436 483 1 7 180 2 496 1 22 212 263
186 1 553 4 138 3 2 205 578 167 4 98 21 28 29 64 102 971 351 210
749 870 67 3 9 2 150 3 124 983 119 731 30 35 14 205 869 65 1 74
