20 195
23 744 11 21 2 380 495 55 46 60 86 731 366 407 191 73 5 182 69 3
78 1 9 11 46 88 742 711 258 146 404 39 4 115 99 37 34 591 52 944
323 8 3 25 1 7 64 1 5 170 81 1 1 13 49 112 4 8 328 38
930 519 13 13 178 1 1 66 278 112 5 138 47 77 55 2 2 114 1 41
952 73 276 45 52 134 3 17 26 512 385 408 49 3 398 26 2 84 460 5
10 707 116 589 37 1 419 462 72 352 6 76 1 164 1 8 248 2 5 2
107 615 231 1 1 1 5 2 68 2 34 38 25 482 7 9 1 3 672 51
3 7 2 8 754 635 35 3 2 3 431 12 44 20 610 170 623 87 43 5
8 402 464 2 1 4 819 8 1 136 498 5 3 83 256 578 1 56 11 7
249 1 93 640 1 114 100 5 13 67 1 99 81 300 1 2 22 6 318 3
212 35 1 1 48 1 12 211 2 154 413 22 2 2 32 7 23 251 39 36
48 23 226 97 8 8 2 542 362 12 69 3 71 29 29 17 5 1 1 346
691 88 11 176 172 492 487 94 57 213 474 7 4 7 2 1 1 183 122 33
92 39 15 169 568 104 218 3 4 85 1 299 3 71 13 450 11 87 30 647
313 3 577 385 613 93 988 6 242 41 38 113 138 1 14 30 363 11 62 44
7 194 2 20 2 14 6 1 5 9 222 597 905 267 91 3 1 109 523 7
1 126 1 34 43 6 22 4 82 1 20 7 110 49 3 29 2 292 1 271
34 754 7 57 31 331 2 866 122 4 369 25 826 97 70 37 146 126 11 1
63 40 543 374 192 4 305 2 3 197 1 16 7 16 35 62 273 33 627 590
1 157 20 1 1 21 249 4 6 1 624 79 2 315 476 15 24 553 17 3
