20 255
36 45 9 351 624 251 1 24 51 1 3 11 173 3 399 1 1 1 22 609
81 1 14 103 27 81 1 1 2 2 28 1 136 1 2 120 82 1 52 23
10 195 1 401 20 15 112 3 186 1 76 983 3 11 44 339 1 185 194 57
3 2 400 197 633 965 793 83 21 5 73 589 12 30 105 6 54 3 3 5
32 270 78 135 18 14 63 6 34 147 1 309 391 25 16 249 10 3 116 80
3 591 91 4 7 102 155 91 3 254 316 913 1 362 5 2 3 132 67 12
6 14 724 114 7 25 2 2 6 4 568 6 1 3 349 2 5 162 13 547
749 358 2 1 12 24 7 20 69 55 747 13 2 5 955 988 29 37 127 48
247 322 16 23 580 4 630 1 82 950 5 104 20 2 44 614 101 6 36 6
125 395 2 2 4 1 413 14 302 2 8 551 35 86 731 32 389 3 1 70
47 283 415 371 1 16 3 425 23 18 1 8 1 7 87 171 22 3 318 8
50 10 975 4 1 7 695 10 19 86 8 36 300 55 2 20 971 38 2 64
20 208 7 11 1 162 171 25 7 141 115 593 629 218 18 8 1 102 847 447
8 154 7 1 17 99 343 185 1 21 1 615 5 24 14 28 524 53 97 27
61 115 18 723 11 5 1 1 1 9 125 35 211 262 90 47 2 19 179 83
326 911 11 56 17 132 570 49 196 410 12 87 10 22 23 336 4 31 798 471
11 6 113 120 51 291 2 1 33 17 535 665 61 4 1 458 11 1 5 393
4 10 53 26 211 1 354 3 573 696 17 10 162 725 210 216 203 1 1 6
47 590 3 48 620 127 587 40 1 14 947 1 106 27 9 14 317 72 886 312
1 302 63 15 124 40 485 990 65 526 5 1 325 512 54 49 197 175 62 30
