20 80
579 457 19 438 101 21 91 5 10 73 49 3 1 407 92 8 67 635 159 1
1 3 922 1 8 561 19 127 274 1 3 213 2 894 2 4 2 3 72 5
607 87 148 1 2 12 498 18 188 1 2 33 216 49 330 45 5 304 1 1
726 22 8 44 46 848 8 216 377 19 419 252 28 301 880 179 7 26 325 1
623 4 262 223 17 2 6 5 74 87 1 227 1 2 59 18 4 19 5 101
89 2 26 467 202 42 42 1 270 293 7 12 12 8 283 178 39 276 143 4
62 3 7 166 520 15 16 21 1 37 135 791 678 235 17 2 527 4 139 52
318 133 200 11 704 1 299 7 32 14 3 499 295 156 15 16 12 1 158 7
8 37 175 14 1 2 1 22 1 70 12 2 33 4 4 67 103 138 25 41
366 3 1 2 136 26 2 1 5 142 41 3 13 1 71 477 25 6 160 1
300 477 24 16 3 1 586 63 31 102 867 7 216 74 33 53 307 382 27 2
33 1 8 212 945 32 172 120 40 5 22 141 159 133 5 62 27 431 79 110
1 234 175 45 20 143 122 226 7 319 14 1 26 1 226 752 92 17 97 10
105 43 32 16 5 8 1 61 50 506 587 35 187 40 4 22 2 1 200 312
816 743 38 29 174 10 19 699 134 3 458 625 7 32 133 1 1 314 1 956
300 262 8 539 3 111 40 42 1 68 29 1 124 413 636 54 3 178 213 86
672 54 103 7 43 1 1 16 537 479 452 327 631 3 647 52 894 24 9 364
52 496 5 1 12 273 30 146 83 49 27 652 296 902 100 723 471 16 172 9
1 238 44 1 1 8 43 8 1 1 15 19 8 1 9 16 50 840 112 624
849 11 23 53 437 1 198 200 131 550 3 68 725 29 7 1 11 40 1 125
