20 236
790 351 29 10 1 74 2 93 1 16 91 8 873 592 8 179 166 228 30 11
509 1 9 3 334 109 48 37 21 8 29 664 187 1 8 424 44 55 884 274
101 475 707 31 42 101 17 12 5 224 410 429 6 19 214 55 1 751 194 663
8 4 4 86 122 68 1 936 13 86 262 153 35 4 91 482 176 7 5 7
1 22 71 11 87 1 6 3 96 3 201 535 1 28 21 1 27 320 313 1
173 277 439 1 1 778 27 242 9 1 76 257 5 4 534 1 36 67 8 1
284 2 25 48 120 5 8 45 1 98 221 463 7 649 36 62 4 1 1 3
2 1 29 464 863 107 6 4 4 23 234 1 598 173 1 590 18 648 10 8
15 384 4 60 479 162 377 132 498 1 97 181 4 36 80 131 3 186 113 6
36 2 50 72 301 6 3 2 234 44 1 4 6 33 10 263 44 1 1 10
1 3 34 18 38 94 32 10 8 26 38 176 8 46 627 307 68 1 56 5
286 623 9 118 26 568 96 1 1 57 9 81 3 13 32 26 13 2 3 6
144 114 384 221 1 680 122 4 100 285 750 2 14 55 70 3 4 163 154 92
1 104 259 854 687 178 60 235 45 33 876 10 3 203 177 105 7 247 146 16
1 453 8 64 23 22 325 15 401 1 4 78 17 25 899 13 4 722 747 2
59 765 4 9 90 4 1 1 12 5 529 150 58 16 1 28 422 17 114 952
810 775 2 7 79 8 46 347 25 40 23 5 6 11 4 21 960 430 99 500
13 3 134 78 671 1 38 795 70 58 293 644 4 1 1 6 101 39 104 32
6 905 6 158 619 496 5 112 69 20 114 32 12 19 226 426 736 425 281 11
1 607 1 41 200 5 33 798 224 3 3 8 7 2 135 40 736 16 4 589
