20 141
231 1 900 15 8 5 316 29 94 138 312 4 49 28 16 911 7 6 8 9
1 58 18 74 172 957 1 364 64 2 645 21 8 157 942 92 205 8 5 219
2 3 494 652 167 334 905 1 6 14 7 46 14 37 400 2 852 30 17 14
3 12 32 44 19 588 1 349 8 9 55 14 63 239 2 396 92 5 75 229
4 25 65 821 1 1 71 46 5 215 46 3 503 29 2 9 3 389 2 2
1 17 5 10 696 33 688 4 6 405 1 1 1 678 3 11 17 28 8 513
268 160 1 260 2 2 912 4 48 14 5 4 23 7 14 52 14 71 22 43
4 34 34 558 2 42 59 5 114 3 804 34 46 2 119 24 572 5 795 224
16 1 102 34 3 98 2 25 4 23 9 2 1 125 78 5 7 26 3 34
10 41 68 21 1 542 84 14 183 79 62 264 101 19 223 100 597 85 2 21
29 426 3 19 535 62 3 18 55 114 99 1 57 2 3 215 27 5 18 164
5 416 91 924 1 212 105 73 31 352 651 4 199 40 27 902 27 3 59 337
35 74 2 3 4 25 26 10 9 5 159 4 308 221 176 38 14 220 6 437
22 222 108 22 23 89 2 1 13 18 30 858 3 3 42 1 288 152 40 4
288 407 75 654 403 4 1 25 355 1 3 1 1 1 72 2 804 145 10 51
5 367 163 584 35 1 16 6 1 21 42 243 120 4 3 57 32 644 5 3
196 41 129 729 585 17 6 997 2 2 12 69 187 4 8 15 5 700 6 2
10 200 165 199 531 7 145 2 41 230 803 66 205 5 7 134 24 3 1 62
32 262 17 4 40 41 198 30 18 58 7 4 4 661 4 27 1 1 5 1
69 207 936 2 2 40 561 7 975 241 84 808 51 13 131 140 349 4 57 332
