20 265
1 18 578 380 6 546 14 118 884 1 32 8 614 51 6 2 1 6 8 1
823 92 199 13 383 2 399 2 37 51 9 53 974 38 39 534 486 51 40 1
5 716 96 13 51 556 163 28 1 212 284 59 307 5 145 80 977 223 1 161
2 1 4 52 639 628 4 102 2 9 23 272 97 2 1 371 991 11 17 39
447 40 13 13 11 18 1 12 7 821 3 118 45 44 6 226 2 24 331 2
2 13 1 3 4 31 5 3 40 157 144 1 2 724 11 627 107 162 41 27
171 8 369 8 6 29 81 36 260 430 17 94 146 129 4 1 2 2 408 20
3 8 177 282 3 216 4 20 7 139 57 2 28 36 3 562 54 1 101 1
758 19 235 420 5 518 7 1 604 3 250 14 17 19 777 38 425 7 402 728
10 40 12 4 51 75 82 94 5 24 1 23 4 904 623 1 600 428 2 563
14 76 391 260 2 249 3 2 817 1 22 2 110 1 574 35 955 3 6 2
826 103 969 455 891 140 807 1 13 4 2 181 32 1 88 17 310 4 4 14
1 53 5 7 4 8 1 8 59 7 2 1 2 596 4 27 488 5 1 956
48 14 463 26 30 20 199 7 50 7 1 13 1 10 1 19 308 4 340 197
12 1 2 678 25 75 4 3 11 271 3 57 1 315 2 94 5 13 5 262
205 548 11 182 34 102 24 5 5 3 134 24 8 21 151 26 126 107 28 1
10 71 4 7 892 355 16 25 439 654 1 48 481 37 7 3 5 5 140 28
515 696 76 688 9 358 34 694 18 21 1 5 240 4 845 57 30 220 8 6
2 179 5 1 89 75 211 55 224 3 3 49 152 5 8 263 292 227 9 222
4 94 3 2 3 14 29 2 242 238 33 460 10 2 334 6 25 8 1 11
