20 231
2 18 4 492 674 25 18 749 76 238 331 20 609 1 96 2 3 6 72 37
1 436 8 203 170 375 3 996 1 142 38 1 3 21 20 11 35 40 211 54
773 78 45 29 1 247 82 40 3 6 179 115 5 39 18 19 245 105 824 304
37 1 1 26 482 14 901 170 5 658 75 266 43 729 77 3 332 71 5 144
704 245 27 201 679 38 492 32 72 25 376 10 9 256 150 2 2 1 2 12
2 909 6 2 143 2 4 192 13 189 2 1 24 1 15 10 336 2 430 117
64 5 819 7 3 197 46 9 4 29 114 10 10 363 52 1 69 131 10 1
310 297 656 19 309 13 9 888 9 5 212 56 2 48 1 7 42 11 11 36
93 428 38 512 4 1 6 13 203 368 159 1 170 2 110 40 439 33 500 4
42 1 618 4 5 680 3 61 32 250 32 256 10 74 4 9 4 16 344 4
571 1 17 143 24 101 400 96 8 882 49 6 1 1 66 659 95 9 19 62
2 42 261 1 444 92 61 3 60 13 1 3 10 67 5 4 227 21 15 4
1 176 15 138 301 1 922 384 9 4 470 498 18 230 31 22 636 2 11 124
211 2 14 143 2 6 84 11 29 116 34 6 2 29 148 1 8 3 1 404
1 3 33 260 6 214 25 10 43 234 109 148 1 15 425 4 3 169 26 674
187 889 442 11 1 7 272 17 664 74 25 47 13 21 13 1 569 4 7 22
5 12 12 286 581 2 15 1 9 78 357 419 165 2 63 31 3 638 3 4
10 8 14 771 697 504 10 95 1 304 1 13 10 205 42 37 13 1 97 295
6 5 32 68 23 435 214 995 267 48 17 469 21 14 93 386 140 111 188 139
20 17 5 76 5 478 7 200 2 23 125 659 2 63 599 34 1 79 15 803
