20 318
180 6 661 1 2 6 1 100 1 60 584 1 1 9 1 38 18 9 376 162
269 44 1 9 4 36 258 127 133 16 254 71 432 625 8 1 389 211 2 32
526 582 42 301 279 2 24 6 1 105 220 33 1 147 2 44 5 28 768 207
2 1 6 32 132 122 34 929 2 411 4 4 484 119 51 6 39 1 963 30
6 517 97 459 70 21 3 8 275 1 262 1 318 1 26 406 5 387 2 5
158 1 162 70 507 10 1 1 15 303 4 884 1 36 2 31 29 930 208 55
1 14 1 574 177 292 17 9 13 41 1 1 187 7 72 2 48 413 49 4
6 17 29 156 17 81 162 21 921 1 6 1 4 33 99 32 10 724 960 317
258 266 5 122 70 12 964 20 754 17 964 2 60 2 65 86 2 1 1 51
1 13 1 218 267 2 20 3 441 602 16 16 2 188 9 2 12 42 3 4
126 295 158 375 2 415 14 790 156 14 9 55 2 681 1 611 338 1 228 11
516 12 159 149 1 271 11 5 342 7 675 26 596 22 5 1 500 28 19 93
409 10 7 4 4 9 2 86 6 789 8 178 169 3 27 455 38 68 3 41
72 53 2 16 21 66 1 6 133 12 38 104 9 2 12 61 939 634 3 3
163 1 14 67 2 2 273 68 208 2 130 332 23 5 33 2 6 12 6 33
8 7 196 97 2 93 914 1 624 159 56 156 74 608 15 1 14 465 8 198
424 463 737 1 13 14 466 133 188 15 7 560 257 14 477 650 13 23 18 97
29 1 50 61 15 640 3 3 465 1 6 202 765 61 436 160 108 6 476 29
2 29 4 35 186 226 61 58 14 233 31 16 82 1 223 5 8 2 25 31
2 2 222 274 12 18 20 420 396 60 16 654 172 232 327 3 37 64 86 24
