20 263
13 27 848 14 40 28 4 2 129 5 64 1 10 1 25 226 29 372 13 51
8 8 2 32 29 5 1 1 82 920 3 1 29 1 65 67 102 116 25 2
129 70 457 110 107 358 63 57 1 608 188 128 2 1 22 95 236 1 66 2
24 1 34 93 8 5 1 13 42 39 13 109 108 93 46 41 2 717 1 138
136 6 15 11 23 61 3 82 57 10 4 30 23 6 26 332 137 24 10 134
178 7 573 2 1 90 11 19 25 7 49 84 1 433 109 4 5 864 86 1
24 2 3 2 187 1 22 10 109 3 11 596 9 109 3 22 9 16 3 285
4 16 9 33 68 12 562 17 145 45 2 7 288 6 393 7 5 995 4 127
152 440 74 756 42 6 3 546 8 437 1 34 1 18 350 11 821 3 624 59
641 11 89 2 4 2 454 2 1 516 7 151 41 3 4 7 18 36 165 8
717 2 19 48 260 5 99 6 19 3 338 5 442 2 2 55 228 11 114 18
1 253 8 3 15 71 101 256 74 161 1 2 24 35 4 86 243 1 22 13
6 7 144 1 998 3 16 1 21 16 278 851 1 1 7 2 99 750 43 5
16 38 1 26 651 4 7 25 1 11 4 361 16 6 1 182 162 36 228 112
119 902 9 18 19 1 2 4 319 101 5 1 383 60 1 1 32 7 39 1
5 32 12 2 1 54 441 1 826 108 5 8 18 1 176 4 6 1 6 2
599 1 96 566 151 1 180 6 2 178 2 309 23 3 117 5 829 3 23 3
1 5 22 20 23 189 12 207 98 74 638 503 33 4 8 177 1 2 37 1
407 210 139 54 12 171 11 293 565 2 14 7 364 39 76 20 1 5 6 898
7 413 1 61 340 648 2 1 4 134 166 89 101 1 668 7 493 373 20 8
