20 382
2 539 194 20 7 207 1 412 293 1 21 342 1 180 21 474 90 372 786 24
1 14 420 76 149 37 112 1 23 4 8 179 518 48 6 36 89 4 1 1
78 848 29 1 5 18 43 974 408 5 3 992 197 8 401 193 2 141 7 28
19 17 2 397 10 2 55 13 10 472 47 578 3 39 11 11 781 166 81 264
15 1 8 2 502 23 699 50 617 9 461 8 5 3 665 22 601 675 23 34
39 18 9 2 2 20 27 72 15 114 1 117 57 17 2 720 718 246 115 63
166 39 31 188 583 136 2 1 1 3 2 73 134 1 48 2 162 228 4 597
3 5 6 245 1 273 21 932 399 4 405 40 415 890 31 673 13 3 157 1
308 1 4 6 593 7 9 34 4 210 124 2 16 2 66 3 3 175 47 1
22 562 1 581 35 26 1 4 1 5 516 23 1 41 439 1 41 10 11 258
30 34 105 26 95 666 7 6 254 185 7 15 142 25 138 621 76 9 159 5
6 2 419 10 2 7 1 85 237 180 10 157 6 35 9 1 186 2 77 39
102 4 1 3 362 45 1 2 144 117 559 265 50 16 15 31 76 228 239 71
13 7 40 1 11 4 159 176 238 9 4 624 1 180 2 4 21 612 36 807
179 1 14 13 135 10 152 557 532 4 3 20 29 11 10 13 506 33 6 1
191 24 857 956 31 231 2 190 47 36 36 823 10 469 13 11 52 13 1 3
38 69 420 3 80 1 3 8 411 1 755 793 23 19 1 5 4 86 15 42
442 10 116 41 121 1 792 1 22 91 418 2 149 68 15 10 38 19 1 267
190 202 426 678 1 1 33 9 4 674 396 61 34 107 303 9 67 1 53 107
222 1 1 124 3 41 29 621 39 24 80 38 40 71 308 118 2 16 6 285
