20 24
73 19 99 4 564 2 393 6 4 90 322 2 32 200 409 16 120 86 1 168
103 11 1 3 93 175 3 4 4 1 1 646 9 19 196 68 35 392 680 246
332 88 12 558 817 876 1 2 5 28 4 25 24 838 43 50 352 3 1 1
17 3 993 59 50 775 14 1 274 49 94 14 408 1 5 3 290 3 10 12
424 1 6 6 11 206 5 2 150 21 341 3 52 26 6 18 11 649 141 206
849 1 580 103 201 231 37 11 9 120 4 5 2 32 305 321 267 3 102 9
28 1 217 206 74 385 1 245 1 5 3 828 301 1 2 2 14 23 15 45
8 432 907 41 128 2 552 12 1 2 3 85 21 21 3 10 298 1 66 83
592 26 2 113 25 241 7 92 33 574 2 922 3 462 784 127 32 20 40 36
391 462 4 530 688 37 1 21 524 9 548 4 19 1 153 1 2 52 6 538
31 95 435 5 69 5 455 1 3 4 2 13 267 1 9 136 160 419 258 1
420 33 1 4 14 817 86 1 965 137 419 796 140 10 290 42 1 47 995 2
319 10 1 778 39 2 4 210 220 98 14 57 415 753 1 1 3 8 2 50
131 1 1 202 68 81 3 2 7 171 3 104 190 13 61 2 14 17 167 133
1 8 404 18 73 1 585 109 63 303 31 815 17 621 15 8 41 24 2 10
58 446 17 5 856 4 408 59 76 27 166 874 28 323 143 2 2 17 93 7
1 1 3 2 158 937 24 39 920 1 28 12 169 58 72 158 1 59 525 3
4 5 2 21 1 6 24 945 70 29 649 12 80 181 9 39 56 18 184 3
21 4 2 26 412 4 2 466 1 957 79 321 24 17 1 10 158 1 7 16
142 7 9 2 175 93 12 79 679 6 40 14 8 76 1 2 35 19 1 191
