20 157
175 3 9 432 17 38 26 836 2 165 23 2 831 6 46 29 639 263 805 1
394 23 3 513 81 8 32 242 4 54 239 15 2 33 6 627 754 36 7 3
180 679 43 811 67 10 93 6 2 16 2 270 131 4 7 6 2 1 18 50
20 518 22 45 1 6 3 1 1 58 657 105 47 219 181 37 2 117 859 3
838 97 254 216 2 852 19 116 3 501 6 148 2 1 494 1 214 12 1 81
11 1 574 2 793 28 5 882 104 10 9 1 2 8 13 341 3 15 1 2
21 2 21 13 34 92 118 481 332 47 3 15 120 1 3 862 223 1 1 20
132 399 572 20 91 1 48 10 307 14 913 55 8 1 2 39 30 8 54 33
683 19 107 20 833 15 146 1 52 124 207 8 1 542 777 725 638 13 14 7
53 19 1 204 12 100 35 32 24 7 3 279 92 189 82 117 6 7 2 1
141 97 41 164 9 42 5 43 209 22 2 1 7 286 166 47 49 656 128 792
1 1 1 99 244 1 163 1 1 17 39 97 3 7 395 548 7 472 28 344
1 42 1 6 62 473 3 637 1 658 43 24 989 8 27 27 889 1 340 446
2 43 1 22 1 2 12 655 54 16 16 3 89 221 393 44 1 55 967 1
1 142 44 143 37 146 179 2 10 156 1 651 993 1 9 1 1 98 4 2
10 1 80 1 5 1 2 19 64 5 3 4 5 6 1 305 2 6 240 713
272 2 97 758 21 481 328 1 22 2 60 54 813 134 55 1 26 7 3 324
17 2 17 98 71 40 773 826 5 10 652 81 1 644 16 333 6 36 11 1
717 249 7 720 817 1 208 91 17 7 2 6 705 245 32 851 1 99 1 4
4 3 142 131 607 4 640 427 260 1 249 4 5 26 16 4 26 11 333 23
