20 46
1 89 86 308 21 248 39 432 2 7 886 498 1 364 335 14 117 7 955 47
124 8 1 195 47 4 53 117 1 1 1 29 33 491 660 185 32 1 9 1
218 13 12 12 56 3 24 774 24 69 1 5 60 6 206 35 106 8 59 1
103 462 89 1 3 13 185 48 786 353 945 982 590 5 1 264 1 13 251 131
437 9 46 160 92 2 164 199 57 3 14 25 6 197 23 646 25 206 8 18
4 18 902 5 548 1 8 551 906 869 41 276 1 1 16 74 3 765 83 155
32 174 1 3 227 151 1 37 1 188 72 15 13 4 49 590 316 7 17 3
1 4 5 14 380 116 3 11 31 1 512 104 363 2 2 1 936 782 53 5
58 712 17 38 4 107 2 8 5 5 18 68 290 295 6 44 1 1 281 987
35 1 18 691 355 14 184 94 2 13 46 2 72 116 50 369 51 66 53 490
7 21 13 258 87 15 10 888 16 9 28 7 1 8 5 3 4 1 533 953
7 1 874 22 259 7 89 8 27 95 79 3 1 976 598 1 148 46 7 19
20 36 619 2 695 3 443 675 263 40 575 3 43 93 2 2 15 6 13 433
270 2 135 397 114 101 855 12 125 57 28 3 263 367 72 1 60 2 847 10
25 3 65 1 159 87 68 37 148 1 66 188 130 80 1 167 5 122 126 2
1 7 82 74 7 11 1 841 1 10 12 3 12 370 683 3 112 1 16 549
2 55 432 3 49 111 923 3 1 1 69 455 406 269 13 37 145 2 2 770
25 208 5 4 12 550 252 78 53 359 5 886 36 1 16 7 93 27 11 1
12 33 3 4 1 1 753 25 68 126 1 246 1 15 32 1 8 102 37 1
8 454 2 355 86 101 588 13 6 107 1 182 61 369 37 32 10 1 285 20
