20 81
8 4 18 132 2 1 2 958 22 1 84 37 36 62 16 316 13 1 85 6
1 455 860 3 1 444 135 11 818 89 360 551 45 123 4 2 2 7 6 3
20 1 413 11 281 76 668 6 119 478 27 30 139 386 377 62 1 1 108 203
775 13 70 21 9 23 1 624 97 428 94 12 3 4 4 127 4 12 2 74
6 118 362 30 210 166 12 1 22 1 227 23 813 19 145 885 111 63 329 2
90 253 45 11 69 578 77 569 86 155 10 14 5 7 24 2 6 58 343 3
785 672 836 10 3 15 1 2 267 1 1 13 245 147 1 8 29 2 98 3
40 2 1 294 2 14 9 43 123 6 8 96 1 1 119 6 916 5 83 3
12 2 442 11 177 492 1 247 1 220 11 1 258 16 39 621 217 2 62 11
3 14 4 3 965 9 378 541 90 3 959 10 1 3 98 225 123 12 11 13
9 23 29 4 18 7 1 442 505 733 156 18 23 66 216 1 26 67 543 4
61 1 324 36 11 117 78 182 580 1 2 10 3 266 55 4 967 44 1 624
19 392 137 91 21 134 41 508 2 440 7 29 1 5 336 3 443 49 68 98
430 735 150 393 65 21 1 4 27 1 769 259 755 205 210 493 169 47 315 6
128 1 227 13 1 5 617 1 263 1 11 225 764 16 9 672 3 15 991 371
139 3 108 50 379 7 1 701 335 8 42 566 44 3 188 85 1 4 365 28
246 10 86 73 990 19 66 46 194 70 56 2 336 3 80 25 2 5 894 396
22 11 2 41 9 37 3 33 564 2 2 184 527 464 104 7 1 5 557 817
169 111 762 85 27 27 1 1 616 3 712 30 2 1 145 8 34 83 4 2
1 18 547 28 3 1 24 2 1 177 3 292 2 1 44 220 188 186 314 218
