20 268
325 528 83 1 12 349 4 139 59 1 11 542 650 11 8 14 1 158 847 831
48 2 64 1 346 8 7 26 81 680 1 33 22 89 423 150 234 23 5 4
99 25 3 14 1 575 300 283 22 4 483 1 7 3 7 739 128 8 11 2
157 8 6 2 4 847 60 2 232 152 55 358 640 2 1 1 634 543 13 1
230 82 150 32 82 186 357 6 290 24 96 5 270 125 2 43 107 90 18 482
986 1 4 269 50 81 5 32 2 53 11 29 15 121 2 847 67 20 5 123
1 2 3 5 84 35 9 3 276 30 37 194 68 110 2 5 84 50 1 27
315 12 19 415 1 655 1 1 25 14 59 4 48 258 88 1 134 370 43 1
9 10 38 3 250 20 72 174 248 22 34 50 1 767 856 1 901 3 1 32
85 21 67 309 570 1 4 74 6 35 1 9 21 146 1 173 82 426 21 2
26 3 104 27 181 182 25 56 203 25 3 421 492 193 54 2 591 52 843 272
168 32 26 520 264 604 559 1 2 7 7 130 1 2 19 199 15 24 9 22
94 12 111 10 1 29 7 583 33 21 34 560 23 1 151 619 1 164 132 23
181 48 328 559 53 3 183 95 104 965 37 10 98 32 1 1 143 131 683 55
521 2 9 43 33 336 5 33 21 112 509 43 12 18 4 2 3 1 2 1
132 30 13 978 1 23 31 35 995 41 137 245 156 534 147 223 48 167 92 3
243 72 1 10 7 6 4 111 200 32 261 248 209 118 129 688 20 58 28 2
17 185 59 6 5 47 119 42 6 295 73 208 202 125 186 83 506 449 18 62
8 5 873 1 135 1 509 17 16 5 1 123 352 1 5 2 423 5 31 17
388 36 2 1 13 33 59 5 27 49 3 6 2 1 37 2 11 8 540 371
