20 367
82 32 1 19 56 2 527 138 181 38 289 12 79 34 5 9 5 58 110 192
13 12 52 5 23 6 224 14 4 43 147 5 750 63 85 29 15 649 162 71
1 3 157 13 1 3 392 99 207 16 1 625 18 851 8 575 69 227 5 1
3 152 882 47 7 35 791 1 2 3 5 2 60 10 211 1 107 164 112 11
269 34 201 62 20 13 237 2 1 1 1 183 2 3 6 410 6 8 427 315
393 201 59 964 19 375 1 103 2 81 408 3 7 162 109 1 38 4 39 87
289 47 4 171 658 22 5 6 104 2 138 77 317 10 38 591 49 2 34 176
34 7 1 1 304 65 970 34 35 13 65 1 26 827 479 768 9 144 670 703
179 599 52 10 39 10 77 4 4 5 3 1 632 15 30 179 226 51 92 8
2 235 4 91 21 2 204 305 4 72 14 680 57 5 5 45 18 175 144 2
132 352 71 139 7 15 501 15 16 703 7 63 6 135 4 79 382 4 46 738
2 26 239 392 456 25 5 4 60 2 211 2 28 2 2 3 66 2 254 381
286 56 20 543 145 4 282 607 20 12 2 7 43 115 9 45 24 161 2 4
5 134 14 19 10 935 107 1 828 17 56 719 102 39 602 11 205 44 179 221
36 8 198 836 135 622 122 397 177 2 156 46 15 17 13 425 17 1 9 11
75 207 300 6 11 24 236 79 648 24 19 1 95 7 1 73 5 279 225 8
594 3 1 29 24 6 80 32 3 456 22 186 3 755 3 33 1 24 1 36
362 163 75 24 119 820 76 1 14 1 188 160 14 203 1 179 1 12 11 4
271 1 372 297 9 4 4 489 3 874 35 76 1 12 113 420 113 554 5 55
45 869 22 1 1 1 264 3 185 39 2 333 659 24 38 579 8 4 17 979
