20 235
7 1 5 13 233 82 5 602 7 183 35 1 3 5 88 1 1 340 7 22
279 281 303 13 1 1 80 60 1 357 48 61 16 219 925 14 6 96 40 25
531 6 94 83 1 2 4 5 308 665 29 386 27 201 1 14 381 4 376 422
297 9 20 294 8 3 267 3 1 1 17 636 3 1 19 4 278 92 112 320
65 13 96 316 316 902 1 2 7 6 33 40 3 910 348 347 1 353 52 11
7 652 4 7 1 20 16 654 6 72 133 304 60 254 79 652 1 1 4 15
135 67 8 91 3 4 1 5 28 17 6 117 5 124 21 3 145 17 399 44
6 122 284 145 1 110 6 4 102 365 3 28 3 19 12 21 6 39 3 30
347 82 18 33 7 134 141 789 148 919 27 94 39 6 125 7 43 3 6 7
483 31 7 4 12 3 1 7 46 13 2 1 1 10 407 8 690 19 23 2
19 96 34 8 34 8 6 1 8 8 247 92 565 7 1 713 6 2 41 1
7 401 4 614 194 13 118 18 9 125 134 195 18 543 362 4 175 343 5 58
189 47 877 188 345 23 5 133 452 15 334 580 22 14 5 130 240 71 236 14
22 47 89 224 408 421 44 21 58 1 389 28 899 57 739 136 1 407 17 216
414 837 1 12 172 5 70 25 639 121 16 2 72 711 1 2 263 3 19 260
3 74 2 653 71 41 212 9 1 472 275 556 50 35 38 111 82 3 58 6
548 191 356 328 43 14 177 51 29 5 202 43 5 21 918 18 16 2 6 131
11 177 1 11 1 16 135 4 2 29 191 233 15 8 48 9 13 203 521 82
141 843 1 261 6 440 993 488 1 4 1 3 33 59 1 1 2 644 1 5
37 278 5 91 1 1 111 11 3 4 12 5 1 45 1 27 2 16 421 16
