20 249
1 50 9 1 34 12 49 92 7 97 3 38 44 29 1 949 445 985 28 47
270 81 507 9 635 1 36 166 1 1 120 9 5 2 3 213 51 45 25 65
16 138 724 1 976 53 111 8 169 263 108 656 153 69 49 232 44 2 168 4
3 421 326 68 1 869 303 15 1 114 1 69 484 60 1 488 130 18 54 1
2 48 6 2 717 50 129 209 104 552 5 10 14 71 979 197 151 439 72 275
10 3 7 13 149 805 18 19 40 286 5 2 16 75 3 12 15 1 542 4
61 836 681 24 26 411 564 519 2 68 1 587 30 313 24 3 1 32 8 2
117 6 60 359 2 3 93 484 911 859 573 39 11 347 23 280 87 30 764 5
230 5 213 8 1 37 17 185 307 106 1 5 9 8 416 184 1 286 8 245
31 11 232 1 1 975 5 1 19 181 66 336 24 29 101 11 73 1 134 4
81 403 140 958 12 7 2 1 38 2 37 1 3 12 923 3 20 3 179 47
2 1 56 12 90 46 26 69 8 39 26 1 54 813 1 5 8 9 64 5
86 149 40 5 23 34 88 707 191 49 686 3 26 814 8 94 4 7 20 45
1 13 10 8 387 25 77 46 11 1 1 3 64 4 2 616 634 659 5 1
4 212 101 4 20 8 21 2 2 25 5 3 11 2 6 42 9 2 75 11
2 2 24 26 1 9 48 84 85 57 179 3 87 1 2 13 600 17 856 712
4 834 1 38 986 97 27 156 131 4 2 103 708 896 7 11 1 2 363 17
339 650 72 10 158 107 10 104 20 20 113 68 329 5 10 171 24 1 15 87
2 2 9 2 10 7 4 236 3 5 2 8 4 224 5 4 8 401 300 58
15 160 983 1 1 294 1 14 67 90 3 1 119 31 31 2 6 758 4 563
