20 305
56 41 133 3 67 5 31 943 29 380 957 1 150 1 2 6 4 2 612 16
1 87 3 103 12 15 4 12 3 227 17 1 637 102 49 70 7 4 15 9
33 26 10 2 795 33 260 71 1 12 661 124 1 37 82 16 34 61 106 48
396 222 8 2 314 698 1 48 9 18 1 74 102 3 4 61 3 238 1 95
555 18 28 29 350 6 3 71 201 6 1 737 2 133 4 15 460 38 2 138
258 1 2 263 16 13 13 20 1 3 227 39 2 1 138 24 10 16 44 30
144 5 26 1 5 889 10 13 291 13 1 154 589 44 589 73 495 49 2 27
2 805 8 456 23 20 83 1 6 148 237 18 53 2 66 27 244 8 19 8
440 5 657 61 18 36 39 853 7 330 6 17 157 49 1 32 5 5 311 2
15 2 19 906 90 25 14 619 4 293 6 141 63 3 120 24 1 176 474 3
16 197 95 3 19 2 5 415 8 11 6 1 6 4 59 9 31 1 1 150
1 864 313 3 5 90 1 12 1 1 113 281 9 25 122 1 31 5 28 75
8 6 120 496 43 58 258 240 1 10 79 26 637 123 193 576 18 260 11 5
305 2 2 2 815 244 15 5 466 386 28 973 60 410 645 487 6 11 323 380
31 21 31 18 100 848 9 6 95 1 1 23 3 991 21 26 627 1 3 63
147 178 16 1 65 27 26 620 11 557 11 9 69 1 12 23 499 3 3 691
113 15 994 336 15 67 284 608 42 87 11 196 170 3 129 33 634 12 11 65
7 27 135 167 262 16 5 66 62 1 13 903 348 25 80 16 3 3 282 28
2 55 321 1 82 66 31 3 263 10 1 76 1 5 1 14 613 1 2 35
95 8 14 10 178 2 2 60 42 3 57 37 52 1 9 8 999 13 285 72
