20 203
152 914 154 125 610 36 5 3 60 156 9 2 290 1 593 7 170 1 3 1
5 113 15 3 81 17 30 21 86 27 3 778 1 61 90 611 38 138 22 7
6 85 6 87 3 789 76 4 809 314 16 29 2 191 1 192 39 2 538 9
24 824 567 238 267 251 1 42 168 35 269 568 322 7 2 391 615 410 304 2
33 547 2 6 8 1 496 100 35 1 36 951 8 273 235 247 9 39 3 62
67 132 1 43 215 6 1 49 1 908 1 114 351 14 504 34 736 16 2 20
58 154 14 2 855 2 155 11 1 909 10 15 1 242 23 7 206 33 107 27
47 2 367 155 17 373 666 398 2 82 416 3 1 91 963 46 22 142 4 5
21 5 528 27 4 3 39 1 1 9 37 81 16 2 697 2 14 5 436 51
289 855 12 212 236 5 32 766 1 463 39 8 2 10 80 285 936 46 3 113
62 110 94 41 149 156 12 986 51 20 10 113 803 6 1 124 5 8 706 53
284 59 474 26 17 32 3 1 31 1 4 22 12 883 26 107 32 4 2 635
21 1 159 271 68 24 3 21 4 45 32 4 48 123 2 10 630 732 23 3
726 12 3 206 250 144 8 7 76 156 115 432 125 5 168 101 23 188 3 17
153 10 31 7 1 3 73 484 453 5 647 507 22 714 3 51 2 3 10 245
1 11 1 9 401 10 600 4 261 286 223 141 573 6 2 64 2 450 99 28
31 18 370 12 3 153 49 135 7 446 853 3 1 49 20 159 5 52 122 349
51 822 260 10 6 24 2 2 4 368 144 1 49 292 21 1 484 18 1 1
982 161 3 832 11 2 463 51 18 1 692 2 1 9 7 8 1 127 417 36
23 12 24 655 3 13 2 63 10 5 2 2 3 7 8 237 654 41 484 1
