20 310
435 142 159 108 657 1 9 13 14 674 710 1 1 1 16 101 43 102 4 133
149 17 51 64 3 46 945 1 151 4 32 65 23 57 1 1 7 35 133 68
74 5 25 271 1 22 84 292 51 15 2 41 626 58 310 56 10 935 16 3
531 16 6 222 65 1 83 53 1 4 2 649 26 14 1 9 56 7 137 191
90 8 29 1 1 59 15 2 3 2 323 65 374 336 56 1 58 5 512 568
4 54 23 1 1 111 21 444 71 28 4 4 309 325 5 1 1 1 16 260
114 65 960 5 18 4 43 19 5 28 4 2 74 147 9 252 1 3 1 373
58 218 578 2 40 16 4 610 2 335 1 90 36 38 132 8 231 37 1 3
174 191 1 1 1 82 1 24 60 135 46 14 298 174 110 238 5 239 33 47
253 17 175 1 7 5 155 1 7 574 170 23 5 565 5 1 707 4 1 9
64 159 89 800 20 366 10 11 1 100 15 144 25 139 23 1 249 3 151 501
1 20 983 44 64 42 36 371 2 402 38 123 69 13 22 26 10 214 1 25
211 448 50 2 199 411 19 1 623 1 158 371 2 1 532 1 389 12 2 40
48 37 301 421 149 93 53 5 135 14 132 51 23 511 653 45 8 46 171 887
48 631 138 64 3 769 2 16 184 73 275 69 1 5 258 1 1 4 242 27
431 2 2 997 1 4 168 136 5 190 1 371 2 1 20 1 902 286 4 216
142 6 705 481 13 241 462 51 244 540 22 15 438 28 49 7 4 293 6 50
9 2 217 410 396 3 6 119 19 915 32 42 130 572 150 33 2 3 366 88
590 17 292 249 153 899 19 8 75 2 4 13 6 30 15 77 7 3 126 7
517 55 5 108 11 1 1 9 51 426 1 13 1 1 158 237 186 64 678 137
