20 255
990 28 17 2 6 244 1 23 204 9 101 226 22 266 7 67 3 272 60 4
8 1 44 247 93 76 145 12 1 89 13 1 100 404 1 6 55 251 52 191
249 260 37 20 119 1 185 32 453 271 105 5 53 1 3 9 1 110 2 41
15 65 17 331 3 3 10 10 234 4 80 17 15 3 105 3 157 591 9 284
25 58 16 107 160 20 134 184 14 259 8 18 254 55 96 3 99 98 81 75
203 10 8 663 18 5 10 557 19 112 156 143 3 25 107 446 33 2 2 6
2 16 5 10 473 42 1 18 1 2 105 525 41 174 28 8 318 8 326 476
992 2 667 46 3 6 20 256 10 1 1 162 21 85 643 782 1 11 1 8
18 422 51 2 28 6 5 199 526 28 283 368 99 188 359 2 190 40 6 117
1 4 712 90 1 50 82 10 13 2 976 78 459 15 18 2 63 9 164 204
37 29 24 2 14 1 886 3 249 5 781 251 1 6 3 3 2 45 6 94
53 314 15 70 2 111 6 695 11 592 14 81 63 157 362 53 5 1 505 10
2 85 1 1 143 4 144 162 1 3 2 53 3 5 703 18 218 574 1 29
3 11 1 50 88 2 630 4 1 9 8 331 80 97 64 12 18 412 183 16
699 9 1 12 244 14 2 36 2 2 11 321 377 8 15 1 2 16 67 1
56 56 82 139 325 48 135 24 5 886 8 1 451 110 410 141 3 552 2 165
4 3 742 1 10 20 404 898 46 1 2 22 407 208 4 46 769 235 1 518
7 94 24 354 5 53 10 235 29 6 168 1 158 306 4 161 24 84 1 297
19 1 3 499 163 721 35 28 461 12 11 25 20 2 43 8 61 5 260 21
12 32 1 7 1 151 3 972 15 7 1 177 2 214 24 2 3 48 23 74
