20 108
8 37 1 75 782 8 119 583 20 380 104 10 4 7 4 689 335 7 1 5
844 7 109 36 18 11 127 841 570 1 317 8 192 16 647 960 1 490 793 1
21 94 3 93 202 467 349 484 393 60 608 1 1 89 72 296 1 4 1 566
1 7 3 1 637 166 18 6 1 408 2 8 11 1 4 311 4 32 1 1
1 44 6 14 7 82 66 22 97 1 84 4 6 3 3 63 2 12 478 1
43 79 3 61 94 1 1 765 6 10 35 26 9 641 199 1 11 35 2 12
293 5 7 1 1 618 484 191 4 11 6 499 109 3 1 4 46 7 262 165
624 68 541 284 668 5 58 2 198 172 2 188 262 20 1 4 48 4 41 13
1 340 13 117 32 128 458 2 7 175 76 19 230 3 457 1 178 8 1 5
2 1 37 21 813 277 3 3 9 170 947 286 15 23 128 11 4 709 235 9
10 5 315 218 132 441 1 259 269 2 32 39 199 8 1 53 5 42 6 1
76 76 11 1 426 3 34 48 11 79 297 20 1 1 2 246 487 157 12 357
2 109 3 7 229 3 12 80 200 2 14 1 1 12 1 23 164 246 10 397
191 590 1 30 43 3 162 896 75 5 187 10 729 5 6 535 48 109 70 21
69 51 11 746 25 101 32 1 373 291 5 128 1 171 976 27 886 121 204 4
11 371 2 18 2 131 116 3 1 10 28 6 17 1 420 8 140 4 347 114
60 1 163 254 347 98 19 2 253 33 6 124 11 3 28 2 1 267 9 4
183 51 84 74 33 13 23 38 9 60 442 975 2 1 498 3 1 2 1 604
45 15 168 4 3 5 2 821 378 37 2 50 3 2 888 570 61 133 256 43
2 16 17 3 101 1 71 1 77 154 8 38 116 2 2 7 9 79 9 3
