20 319
144 1 94 1 113 4 87 8 138 314 35 119 32 73 20 93 7 145 8 1
1 21 167 278 2 31 1 2 760 7 197 17 162 194 2 18 697 172 1 23
1 56 347 60 6 748 580 6 664 126 292 24 89 124 14 36 17 140 2 955
17 4 22 1 8 42 1 28 86 11 36 64 7 378 2 865 2 518 90 744
22 29 171 5 12 342 52 104 6 73 7 4 41 28 264 856 7 3 256 1
35 4 56 23 121 21 133 580 3 62 115 301 22 4 6 63 507 903 3 16
169 10 14 12 4 884 72 14 24 2 267 123 3 34 36 13 3 131 1 112
646 347 110 24 48 1 453 53 30 608 14 3 11 1 986 256 4 2 97 3
51 912 3 9 1 286 2 8 4 55 110 1 207 33 597 308 12 147 568 1
5 15 312 1 8 11 57 1 27 3 1 305 527 57 6 1 191 463 5 105
449 2 689 5 4 5 2 12 1 804 22 8 2 207 730 252 258 22 3 219
203 33 2 14 29 57 107 4 2 51 11 131 17 5 44 5 29 20 156 572
2 280 1 72 2 20 4 1 540 4 53 1 10 202 15 5 397 57 585 25
6 42 312 784 178 411 699 56 2 6 30 242 6 11 163 103 7 46 326 12
658 387 6 27 75 87 4 78 322 3 778 1 3 262 1 116 932 23 173 527
953 343 429 2 59 112 3 198 451 169 130 83 18 1 224 60 3 25 257 103
127 330 10 5 3 16 1 44 9 4 3 6 6 7 22 14 29 2 16 8
203 429 125 1 4 8 734 770 789 848 242 431 856 19 1 1 600 5 577 2
80 2 177 3 1 135 41 25 2 3 1 3 123 770 90 402 84 1 1 58
292 26 41 249 885 33 1 406 207 684 212 216 795 1 1 2 8 4 112 101
