20 263
26 1 4 19 1 2 1 262 373 136 21 5 182 908 20 8 19 72 1 16
8 255 67 23 9 5 56 19 1 75 147 45 13 1 7 18 240 24 79 66
85 50 3 140 4 9 2 272 946 40 1 285 12 121 44 59 1 6 687 14
771 4 266 125 241 94 235 56 157 652 7 30 51 1 381 5 227 255 3 644
74 942 52 4 16 37 31 4 210 4 958 120 217 17 130 756 59 24 132 2
3 381 3 882 8 927 1 4 14 177 499 25 180 4 21 1 7 53 2 50
150 314 38 718 804 7 3 56 13 37 2 2 403 268 341 4 7 75 88 967
304 43 1 9 979 2 371 4 352 13 3 86 6 1 106 29 11 450 1 3
76 367 1 800 201 6 42 115 1 104 11 53 68 2 594 15 15 19 211 542
86 2 1 221 122 19 10 413 2 78 55 2 43 2 876 35 752 66 3 4
2 953 5 60 59 1 141 29 78 1 9 305 385 480 9 553 33 124 2 8
7 57 9 27 94 434 19 8 357 2 13 91 15 14 31 65 12 7 46 754
123 865 1 231 587 31 2 181 112 255 132 651 4 1 5 2 90 141 81 145
19 215 27 135 1 485 166 2 8 75 1 57 3 4 5 41 249 17 221 2
5 221 18 10 6 246 141 3 1 136 271 29 9 40 6 319 12 16 220 662
2 57 36 29 1 1 1 14 12 78 28 27 453 4 63 33 17 334 41 98
7 24 2 296 27 15 1 70 307 1 93 11 141 9 51 7 154 21 983 53
100 26 26 16 162 1 70 132 187 22 613 14 5 57 28 120 2 1 29 94
2 26 71 27 4 263 10 300 19 60 76 75 57 15 354 941 8 662 15 6
19 2 41 606 71 133 11 756 9 87 1 359 378 12 9 425 115 85 88 149
