20 151
12 241 47 1 25 1 780 4 500 492 3 367 108 163 14 767 24 42 3 193
135 1 9 141 690 2 31 62 63 139 4 62 12 88 351 440 218 3 2 72
22 29 14 24 19 1 31 33 64 150 18 4 84 2 18 587 10 248 19 3
15 208 1 71 608 12 65 382 4 219 507 836 1 4 1 14 13 844 169 25
1 24 45 6 29 368 258 584 8 1 40 14 71 473 101 4 5 32 6 324
13 383 13 3 38 17 422 4 110 8 20 107 3 14 9 195 345 13 4 154
2 1 448 5 128 1 66 36 2 37 628 2 287 1 41 15 26 1 13 215
1 96 67 28 153 42 286 507 782 18 7 604 2 3 34 115 1 17 262 12
23 346 9 5 11 2 4 14 1 25 562 498 7 14 2 2 114 2 3 20
5 22 14 3 34 54 1 2 1 182 4 1 76 1 393 1 53 232 3 1
23 98 845 17 469 129 24 576 4 9 94 2 1 1 5 15 51 29 72 187
3 39 149 14 1 56 6 20 4 1 275 5 10 30 7 5 2 703 2 655
488 694 22 1 7 1 43 1 241 2 2 92 5 4 6 60 2 42 3 9
18 161 43 379 5 1 47 120 20 105 3 1 24 1 8 289 19 134 626 1
464 1 319 69 5 2 7 15 293 1 44 208 21 8 9 5 1 2 150 3
1 100 167 37 124 21 85 19 2 1 1 318 6 6 2 833 1 2 284 1
1 13 1 1 430 518 2 4 50 1 211 2 9 164 202 17 702 526 24 2
141 57 7 206 12 1 21 20 717 39 58 151 2 822 350 51 104 12 7 3
8 82 28 42 150 388 1 8 210 582 1 285 221 18 166 4 4 3 1 190
174 327 370 753 38 505 129 279 1 2 1 736 93 3 687 49 2 28 75 504
