20 163
2 182 3 1 153 6 75 38 256 21 264 32 213 8 4 123 110 11 2 160
2 22 683 492 6 138 779 4 831 1 12 290 10 138 567 21 49 6 18 2
5 1 193 40 690 11 11 500 27 2 4 7 836 224 8 7 661 12 16 6
326 298 275 6 1 1 321 29 170 309 1 8 5 2 124 3 155 2 2 200
3 4 2 963 6 5 72 126 479 395 2 40 211 95 2 1 2 47 1 11
4 663 601 11 63 41 1 5 26 14 433 156 4 4 4 113 22 32 240 2
96 211 8 6 13 30 17 15 18 3 1 88 269 1 233 3 128 847 25 214
1 67 32 39 25 59 2 14 27 1 21 50 841 88 150 904 154 11 20 6
26 22 131 1 23 120 2 67 20 57 18 114 3 191 8 8 4 15 89 74
10 34 19 17 37 181 43 17 1 137 41 23 3 248 435 6 28 48 584 12
29 3 5 14 1 46 54 97 310 7 3 155 858 648 101 9 4 4 6 1
1 13 22 38 407 3 7 20 265 13 2 674 585 3 2 956 1 30 161 1
98 174 27 1 13 7 604 1 299 539 5 3 91 4 4 309 3 306 5 7
76 20 8 5 260 51 22 108 815 21 7 664 449 67 1 119 184 4 590 150
218 28 3 3 2 56 72 123 812 486 81 108 196 1 13 408 317 1 289 6
305 2 49 41 177 471 15 76 200 48 12 243 372 199 259 1 277 1 558 3
65 345 1 361 91 4 84 14 2 17 217 594 1 7 146 51 1 23 2 92
15 140 25 267 1 59 220 21 1 6 481 121 287 5 1 52 1 12 8 3
5 29 10 765 2 401 81 1 6 612 14 64 8 193 2 174 1 1 1 5
1 219 68 2 14 60 1 11 79 33 68 1 1 17 739 778 1 93 30 1
