20 252
1 37 100 187 11 829 201 84 96 236 235 1 4 523 463 21 3 71 43 2
895 13 627 274 68 505 21 91 100 500 18 356 2 270 29 10 1 119 6 806
465 551 204 7 4 1 140 10 63 464 23 1 114 5 116 507 104 22 6 17
34 6 8 79 839 1 276 13 130 26 4 335 4 77 166 456 291 54 16 6
44 15 35 93 10 11 31 8 35 58 153 2 201 12 2 27 155 38 1 19
669 13 136 13 361 411 385 1 270 13 8 8 550 94 10 96 1 12 1 155
25 2 9 8 526 47 20 9 697 71 40 4 1 1 274 31 203 317 19 15
1 59 56 201 693 13 721 34 82 1 74 3 186 1 1 318 11 4 19 807
8 77 18 183 105 561 1 25 11 2 8 28 3 36 1 14 560 1 17 19
200 1 36 50 7 63 4 1 4 40 38 394 1 73 6 539 162 6 8 1
312 2 632 284 14 406 3 69 19 443 11 2 375 4 966 23 1 896 6 482
5 1 31 590 64 21 22 17 2 127 310 1 4 16 2 7 3 325 347 37
2 47 1 971 28 11 2 1 2 116 206 10 973 33 1 4 3 37 7 797
4 234 145 1 783 15 2 24 9 3 1 126 14 49 384 2 5 98 3 215
10 467 3 9 1 41 1 41 2 45 4 170 599 68 118 212 93 3 27 3
10 902 20 962 27 6 9 122 60 3 80 45 43 74 194 9 40 92 5 1
176 1 391 1 311 949 643 413 4 189 6 766 36 65 40 887 41 4 698 64
185 38 2 215 49 8 10 29 420 58 1 1 65 9 208 78 57 560 9 805
62 28 244 448 142 819 24 58 72 502 537 485 864 447 868 472 1 52 1 387
5 377 2 1 57 1 83 311 421 3 239 6 120 6 8 112 349 10 52 238
