20 188
29 20 1 159 122 15 2 13 32 9 323 2 86 2 9 19 57 1 14 5
3 1 62 11 98 586 12 1 53 114 1 330 5 16 33 29 8 66 13 10
256 3 6 1 1 25 9 87 1 128 1 57 630 1 19 639 30 288 77 48
2 547 5 75 4 6 269 107 56 146 28 18 1 3 112 3 46 213 17 850
9 64 19 93 355 11 3 182 3 2 64 4 85 323 2 349 414 80 2 35
15 539 19 74 617 24 68 137 84 52 248 387 602 3 293 22 54 95 226 1
2 5 6 4 668 11 72 23 847 3 3 106 42 230 1 53 1 58 15 3
1 10 7 597 65 577 3 992 24 6 32 334 1 209 50 966 73 71 812 93
10 7 1 90 26 10 20 53 272 176 2 727 53 81 1 273 137 5 37 45
3 87 304 68 12 93 458 101 794 598 583 133 37 198 30 2 3 309 36 242
1 8 31 23 75 59 150 6 14 7 1 9 68 9 38 30 47 128 1 6
99 275 49 784 8 5 3 52 132 439 3 201 4 1 323 653 2 635 10 132
90 22 468 82 5 911 547 39 3 156 246 1 4 19 37 18 2 121 354 5
2 1 21 19 45 430 5 347 37 1 76 3 1 2 173 3 401 704 8 20
21 394 930 287 6 204 16 9 12 254 2 6 27 638 742 209 17 18 14 144
32 2 2 429 109 1 17 6 33 776 220 855 6 1 99 187 182 2 114 1
53 19 111 6 167 2 959 8 2 243 1 533 9 41 52 87 47 179 350 30
2 100 5 106 45 837 29 8 47 6 254 110 151 46 200 8 5 2 184 2
34 537 31 9 6 2 19 2 89 177 222 176 6 25 344 930 3 3 744 203
8 140 401 4 3 23 288 1 27 9 3 1 190 2 4 1 7 29 21 8
