20 52
347 46 3 10 715 3 646 283 4 2 131 7 108 105 134 14 287 25 1 59
3 5 10 323 590 2 90 140 65 1 1 4 4 121 208 13 1 1 1 33
275 43 282 55 6 618 92 45 3 329 706 7 874 453 30 68 695 6 326 1
263 1 70 124 5 69 665 35 32 28 81 761 838 555 134 69 27 17 1 116
240 6 6 7 3 42 507 282 19 7 180 746 342 714 8 466 4 120 349 52
370 312 53 347 1 40 14 228 1 136 25 883 12 2 408 130 13 5 167 609
998 16 2 135 14 7 99 4 1 1 2 133 104 10 4 226 156 511 4 713
15 5 11 60 46 39 12 10 7 504 131 7 637 223 3 671 1 61 414 1
383 17 2 9 220 929 245 46 26 447 830 16 166 72 12 89 517 28 19 131
80 38 175 8 74 652 362 74 60 2 97 7 10 850 39 210 8 111 8 110
84 4 599 644 19 8 12 36 668 44 2 2 4 46 113 430 1 5 12 97
27 20 11 55 12 1 5 524 388 5 1 8 12 74 4 17 107 61 898 484
28 397 9 3 27 1 42 2 664 6 17 16 840 11 78 53 9 3 6 2
36 2 1 11 38 341 93 963 35 110 95 258 719 52 2 778 5 584 66 15
19 1 11 5 2 764 75 1 30 13 7 10 2 100 6 2 43 44 3 318
3 117 1 25 126 7 194 17 218 15 2 1 9 2 28 1 4 5 142 3
8 1 48 15 2 1 242 312 4 301 594 1 537 28 281 1 66 19 3 2
84 50 1 133 117 2 293 62 1 6 3 4 10 11 149 18 2 152 66 31
111 1 525 3 3 77 50 67 116 190 63 7 1 99 130 2 614 499 17 21
42 85 99 9 9 197 23 212 158 393 3 14 4 1 18 16 2 8 88 279
