20 305
3 44 7 135 2 16 233 768 113 105 2 375 2 3 70 9 598 109 19 10
56 130 1 785 21 355 30 1 22 394 59 2 2 285 439 1 311 6 10 65
57 113 180 3 109 316 1 3 483 3 722 786 505 28 235 82 136 5 13 16
36 217 455 19 8 117 1 8 423 838 4 1 1 148 30 6 4 5 10 140
432 4 105 8 28 7 19 139 1 17 4 121 536 7 890 19 2 203 26 39
845 819 29 2 46 338 62 675 5 7 2 654 305 3 619 32 1 32 6 123
3 6 82 691 238 18 145 27 6 228 365 38 6 226 197 134 37 17 5 3
2 246 5 115 35 4 1 280 292 580 45 5 262 9 72 134 568 42 464 2
161 5 612 937 785 1 3 39 73 2 176 160 115 907 957 658 305 2 47 160
273 137 2 29 4 75 229 182 498 92 23 139 2 65 7 14 32 1 40 109
16 2 5 109 865 1 32 26 25 8 6 199 1 2 145 1 308 87 1 21
13 352 447 53 1 5 29 58 6 1 25 32 3 999 73 267 16 53 29 2
150 26 239 2 438 781 32 103 20 752 1 629 41 200 3 37 6 380 37 124
996 14 33 27 1 321 4 21 92 580 642 71 42 7 4 100 24 545 887 1
982 823 78 48 15 190 466 18 5 10 70 18 10 1 213 88 83 5 16 52
6 105 282 5 106 3 4 2 513 58 58 165 119 3 1 20 23 1 939 3
33 1 114 85 21 90 142 1 1 2 97 27 6 3 7 189 178 46 7 11
1 3 1 57 77 89 305 2 445 465 15 1 4 2 28 333 432 13 12 142
1 1 9 370 10 6 13 4 4 1 3 2 72 212 390 9 18 62 846 919
42 1 75 404 30 2 1 1 100 5 3 1 12 63 609 225 127 255 10 142
