20 46
27 2 1 782 1 985 16 2 40 170 9 14 184 5 23 562 161 369 3 12
668 636 10 1 23 3 200 658 2 1 6 2 1 41 1 9 1 1 224 230
1 5 4 45 53 29 262 195 591 7 199 410 3 3 311 14 32 4 225 63
1 528 8 7 16 145 550 20 44 4 13 219 1 265 1 4 337 4 1 997
70 7 502 80 3 56 81 14 3 2 1 4 23 41 31 89 18 416 258 3
9 367 1 36 307 66 90 50 3 2 14 31 9 5 9 1 334 59 38 611
12 12 96 14 340 67 4 5 5 140 13 1 6 39 1 717 91 45 223 21
441 1 334 80 1 1 54 2 43 10 1 41 3 6 286 625 485 1 19 871
21 69 827 19 36 116 131 7 11 223 1 8 142 1 7 363 1 12 1 900
8 3 27 14 1 281 6 1 12 126 2 4 463 5 142 809 316 725 364 3
6 22 45 115 1 46 48 14 1 1 5 2 1 2 26 705 11 2 1 3
5 16 11 614 76 16 516 17 357 13 605 1 1 6 35 40 1 39 33 208
546 2 13 20 241 58 186 10 2 19 821 382 8 9 740 7 7 3 1 105
46 123 12 4 46 15 539 3 3 12 5 21 4 1 18 27 49 10 618 231
168 3 30 246 1 849 308 2 1 1 1 149 2 158 99 519 1 2 9 9
2 390 11 1 1 45 53 642 4 794 105 27 15 12 91 918 1 5 13 39
4 216 1 447 1 654 2 1 4 147 3 41 249 690 2 44 105 646 6 24
682 283 472 16 121 2 736 59 1 25 11 108 2 25 138 327 51 45 4 953
56 2 6 27 256 2 166 19 21 19 69 56 7 28 187 6 192 2 184 1
559 4 116 18 16 782 17 2 9 223 163 135 31 22 11 750 6 1 767 68
