20 223
18 21 2 29 70 14 7 1 267 10 2 1 17 1 99 139 348 89 15 11
3 111 3 5 612 11 152 357 27 79 2 2 4 269 27 75 12 3 394 3
3 24 1 17 14 389 37 57 190 381 3 9 400 1 30 22 2 122 747 569
753 35 37 134 39 2 164 1 4 372 8 75 4 288 304 2 547 4 4 34
16 449 13 377 4 1 40 1 98 438 271 842 274 19 192 5 33 4 164 79
4 27 13 468 6 1 13 2 94 882 589 658 10 3 24 17 6 849 2 1
1 1 9 741 4 380 53 204 74 854 1 245 3 191 74 978 223 694 145 25
30 514 2 2 1 1 272 226 24 1 3 42 12 10 3 1 5 5 280 27
15 69 11 12 3 1 16 454 4 36 154 4 35 3 124 3 551 263 5 482
118 1 238 174 3 8 2 614 1 253 6 5 692 1 56 304 212 204 59 9
450 832 405 35 100 24 41 1 89 3 12 62 471 16 87 11 151 88 167 81
12 47 147 156 595 117 136 158 5 95 967 33 85 31 38 25 36 1 6 2
13 145 733 6 7 400 67 488 6 32 12 218 20 15 678 34 133 126 3 147
139 45 420 166 3 224 746 24 1 45 11 459 38 2 115 6 1 3 2 6
7 261 8 823 5 3 251 757 2 227 662 89 130 52 54 49 13 239 6 2
4 419 2 233 11 94 67 1 315 921 1 56 928 55 10 2 2 959 45 3
15 280 244 2 832 10 104 1 510 4 4 28 3 84 4 7 880 347 39 2
1 108 7 361 49 55 11 722 91 96 39 44 5 13 9 25 4 557 833 1
15 68 120 1 3 63 2 8 375 20 7 312 411 118 1 30 223 8 933 226
462 11 6 113 587 607 3 11 559 12 3 1 14 10 17 539 19 51 4 172
