20 154
94 98 735 2 18 13 253 4 13 293 8 2 184 1 2 3 2 185 13 116
467 135 39 2 105 2 8 493 21 25 356 10 193 8 335 567 71 93 21 1
66 11 234 314 11 138 28 19 5 24 24 42 170 1 139 15 376 6 1 5
7 545 3 985 69 235 89 10 16 198 2 38 423 7 30 11 140 131 6 337
2 99 25 206 89 28 1 87 19 10 111 396 134 19 228 42 31 3 404 469
192 1 2 36 2 13 536 38 30 44 138 453 30 20 7 48 641 5 7 436
2 9 94 384 807 168 133 2 120 65 35 2 400 1 8 5 1 20 376 14
721 335 312 954 656 8 2 649 76 4 33 9 2 1 48 160 4 29 71 4
49 10 743 808 34 135 65 497 143 24 842 34 21 803 256 37 5 30 54 9
25 126 232 1 732 108 733 1 22 31 492 459 37 116 25 99 3 8 335 921
20 464 20 173 1 6 113 101 61 9 3 13 709 6 212 359 10 996 19 2
24 230 8 76 129 43 74 179 6 156 290 10 235 140 15 91 95 292 402 7
16 76 496 1 339 5 63 1 38 92 1 5 775 107 8 271 29 5 7 112
608 138 9 1 953 10 48 428 1 2 47 380 1 2 1 1 2 771 3 700
41 472 4 1 22 576 21 894 218 10 278 14 851 1 1 13 1 6 877 3
12 19 1 10 2 663 52 43 34 4 51 20 86 34 167 306 5 5 1 30
73 816 1 62 33 4 25 1 1 78 504 133 16 1 7 11 51 20 1 33
164 498 18 324 48 3 3 57 100 3 59 1 13 29 9 2 46 9 131 396
510 1 35 121 370 38 262 814 1 53 73 151 45 122 35 356 9 3 1 6
6 855 2 3 10 440 1 855 41 1 667 2 89 5 492 8 233 4 288 73
