20 96
1 97 215 1 9 16 124 54 28 6 24 1 4 151 53 3 74 87 59 1
134 24 17 63 1 2 14 217 634 1 257 84 764 2 956 7 21 5 2 231
1 2 1 1 11 44 45 1 19 134 2 63 666 3 61 169 524 712 9 26
461 100 39 67 212 276 851 19 20 953 1 18 2 3 3 90 2 629 58 634
149 22 82 10 760 432 83 30 903 95 3 1 495 579 598 25 457 1 2 1
287 2 18 66 2 58 530 5 18 59 5 113 2 7 166 325 7 8 186 783
105 5 4 516 422 50 41 3 54 1 307 384 299 81 2 13 173 1 45 123
124 1 71 40 3 30 18 772 1 762 6 60 1 2 2 177 193 24 4 3
1 18 2 242 78 4 835 30 14 4 118 9 10 16 2 5 44 2 46 55
50 241 82 428 689 992 16 1 9 1 10 454 788 1 19 485 10 10 5 8
33 25 275 11 815 43 170 3 1 73 65 25 200 3 884 339 29 1 23 4
82 101 128 73 719 1 72 55 205 1 157 5 99 3 1 2 2 1 10 134
1 123 325 31 33 63 18 206 63 1 327 1 96 3 2 23 12 2 24 10
5 17 18 517 53 31 12 4 8 15 120 189 4 218 66 10 75 2 1 1
33 70 14 203 15 499 77 27 1 38 569 1 1 3 254 53 932 13 531 399
31 43 106 204 19 394 2 355 495 40 69 6 775 31 45 5 3 4 6 56
19 2 742 598 230 2 81 119 2 53 28 19 18 1 21 3 111 24 8 432
3 2 961 994 141 2 28 523 160 179 2 653 33 3 6 1 38 146 9 6
1 40 1 2 7 6 10 151 274 112 1 167 1 6 58 186 296 93 73 622
4 32 15 341 328 226 1 165 468 3 30 12 137 3 97 626 751 3 30 19
