20 300
63 748 2 4 122 62 9 167 2 1 261 147 291 1 46 1 178 14 673 1
5 8 1 16 44 84 4 1 169 3 40 1 10 516 361 2 24 787 1 8
94 3 621 1 456 6 8 4 88 322 5 120 81 2 8 239 24 4 556 50
96 2 21 648 603 20 191 8 656 181 1 39 203 190 1 4 98 103 216 1
15 1 960 4 2 572 2 4 240 2 1 1 11 1 2 955 31 64 57 17
152 1 373 147 223 802 1 543 418 326 330 308 492 18 1 23 1 352 35 8
256 10 94 12 38 72 666 54 73 305 143 2 4 158 119 183 281 1 22 41
19 4 672 104 51 108 77 4 8 2 11 184 235 1 9 53 25 95 14 4
36 582 36 17 452 5 2 1 120 44 495 11 89 117 59 182 6 429 2 5
5 8 1 17 418 20 18 414 1 33 319 979 93 125 591 8 1 425 122 357
1 472 42 9 17 369 8 147 9 812 102 10 106 2 31 788 100 1 6 3
1 990 4 9 396 1 24 63 3 313 2 220 1 34 587 17 349 666 45 6
7 392 41 1 368 3 342 58 911 10 74 171 383 155 47 3 15 54 568 15
3 7 5 19 5 12 13 2 728 88 3 78 1 6 24 17 2 28 14 55
31 2 608 201 48 6 3 182 90 57 185 865 1 274 1 345 14 302 12 14
156 60 25 44 1 6 1 117 1 419 66 88 7 126 431 7 5 2 6 3
18 247 2 874 271 14 10 744 300 3 898 124 1 402 2 4 5 167 354 5
29 8 1 1 36 12 7 128 8 2 604 122 238 973 2 13 42 25 8 2
239 246 337 582 592 252 6 59 293 163 9 313 2 461 16 55 1 1 194 595
465 38 1 446 13 48 11 5 144 2 16 6 3 80 69 1 24 56 21 2
