20 157
206 20 179 4 22 102 5 480 1 267 20 7 6 933 15 93 3 5 2 2
274 9 105 7 13 223 2 226 362 245 2 412 39 47 8 38 1 34 126 190
58 45 12 24 3 146 32 309 1 121 72 67 85 350 229 3 3 20 256 2
222 133 35 54 2 22 99 6 7 7 195 70 1 723 654 760 17 103 184 604
246 1 4 2 242 1 2 507 11 350 1 2 5 15 1 31 38 52 127 15
26 10 3 1 4 48 35 68 87 2 5 133 21 21 14 2 4 6 20 238
9 1 874 503 410 1 569 648 26 745 564 9 1 544 12 4 28 143 22 37
5 436 111 47 11 46 1 339 17 84 63 420 306 4 569 2 4 6 2 2
12 746 391 791 230 590 2 377 6 2 2 39 18 75 303 2 3 4 255 1
66 2 3 283 702 3 4 37 275 1 675 3 6 3 214 3 10 236 1 231
769 8 3 26 54 1 1 31 52 1 25 71 5 395 65 212 13 377 4 5
509 15 1 43 222 256 90 16 116 147 284 89 24 9 3 637 6 17 240 45
307 24 3 4 314 11 204 2 3 11 587 1 6 724 123 1 237 33 1 3
15 2 15 108 206 36 25 36 218 6 242 72 817 116 2 31 75 54 912 6
1 1 67 8 504 351 68 11 32 4 6 375 14 2 43 91 1 1 820 2
15 20 2 1 1 6 3 2 207 153 266 5 28 11 278 52 2 1 75 1
951 206 30 53 2 144 25 107 23 174 128 44 729 158 258 5 67 4 578 68
306 36 344 156 6 14 941 223 41 26 66 163 387 56 2 299 185 5 119 14
3 85 1 5 932 2 494 37 1 2 27 17 32 78 729 2 405 7 52 328
123 74 5 1 15 68 13 2 149 27 799 730 5 1 12 229 91 18 734 114
