20 89
201 938 26 1 2 25 1 18 127 137 87 46 19 710 27 39 23 1 1 606
157 1 9 35 1 12 31 64 15 3 217 905 8 611 575 384 52 569 33 25
4 35 1 3 3 1 157 9 14 760 1 14 413 31 18 179 2 640 4 7
240 13 377 5 21 43 2 178 25 2 76 2 24 64 6 251 6 5 496 317
2 208 45 13 2 6 464 85 88 26 4 7 57 558 4 161 235 6 1 95
312 316 3 17 5 11 41 4 1 177 9 585 10 7 6 197 500 7 1 353
5 4 63 3 7 292 65 1 5 20 551 35 9 2 27 3 13 2 6 11
808 23 1 127 11 13 128 3 845 387 21 1 349 22 626 180 3 396 6 15
20 445 28 21 29 1 134 1 601 1 18 83 10 2 1 65 201 9 1 3
15 3 68 2 41 955 19 1 498 9 567 1 18 283 70 262 10 1 5 1
6 1 458 5 951 396 239 606 29 17 184 61 158 6 38 9 6 339 58 4
28 295 108 4 13 178 28 3 1 5 450 3 2 1 963 2 1 50 14 5
56 4 1 181 2 3 64 22 1 130 5 1 101 8 55 1 2 10 147 139
5 1 14 2 162 16 4 9 7 20 3 786 122 30 82 2 1 110 25 8
68 186 25 159 16 20 377 109 375 386 6 7 991 95 852 15 813 776 2 47
467 195 6 10 16 18 63 18 8 58 5 294 5 50 672 61 4 6 860 3
817 6 2 22 3 616 1 108 1 43 144 53 40 135 464 43 8 356 2 38
95 23 962 6 912 13 1 56 23 3 144 14 522 9 1 542 38 502 3 29
98 6 953 31 46 7 1 81 1 9 300 88 7 355 233 14 145 33 4 6
53 6 14 1 239 105 98 5 36 4 2 355 29 271 2 37 3 429 99 716
