20 124
13 2 34 810 1 17 60 2 52 10 39 133 81 13 11 1 7 1 3 59
311 1 3 2 361 169 264 21 267 21 3 12 6 3 2 2 8 51 17 6
1 46 1 209 14 12 21 547 121 9 6 63 41 780 54 383 10 20 15 177
22 13 62 1 2 682 11 41 887 396 1 30 1 19 3 262 1 2 879 8
11 4 1 1 14 56 2 164 1 3 33 30 1 206 39 3 37 857 595 254
3 1 335 81 3 26 85 1 3 231 45 2 12 820 2 889 44 250 57 127
2 36 54 11 22 2 1 125 7 69 12 683 757 1 288 233 25 2 10 1
16 9 1 2 8 109 1 209 19 25 39 23 165 631 907 25 438 103 129 65
79 627 8 5 229 721 429 114 1 4 99 459 146 82 225 2 16 1 4 358
801 6 24 77 3 2 7 5 10 1 492 197 20 899 2 222 102 1 1 18
179 78 72 2 200 13 2 49 860 991 20 25 11 2 2 22 933 967 12 3
6 66 119 2 52 1 4 179 26 1 1 63 3 681 152 5 11 42 2 532
288 30 2 600 98 66 107 8 16 161 282 3 2 835 1 45 2 1 2 35
17 183 575 3 29 5 1 2 1 212 78 359 30 58 118 36 29 2 667 6
55 19 58 153 1 10 15 128 140 22 65 9 224 191 51 1 1 31 3 14
5 1 2 12 1 10 18 61 47 3 627 796 2 21 2 177 31 53 688 6
31 886 2 559 184 347 199 696 44 22 41 46 28 601 167 2 20 1 4 105
52 33 8 165 90 144 130 14 165 10 318 10 133 131 11 60 592 16 113 17
3 2 146 52 21 319 178 365 2 17 42 80 2 21 1 27 36 60 134 541
9 6 106 2 6 8 87 20 1 20 996 670 399 15 9 111 536 3 111 483
