20 43
917 1 59 112 79 156 51 104 11 33 278 45 10 57 2 6 252 6 4 861
29 128 12 182 811 238 1 982 479 1 148 1 34 109 47 76 6 667 121 29
13 676 29 175 294 25 137 59 195 3 314 5 4 331 5 234 69 6 843 4
9 52 1 505 123 35 4 280 143 313 4 2 28 3 9 4 1 176 55 235
12 16 712 7 298 147 97 114 59 238 1 28 73 943 764 94 231 269 10 4
17 231 81 85 367 51 829 11 218 2 465 2 299 243 72 1 8 337 1 12
14 1 5 86 83 56 69 511 25 3 446 2 144 1 147 6 9 1 62 173
8 86 303 2 18 4 3 45 858 182 20 1 541 3 54 961 1 28 1 151
2 19 98 1 99 113 1 6 32 844 761 103 2 64 4 25 287 1 55 16
557 8 15 386 1 243 341 4 2 1 2 924 568 736 106 5 3 558 786 55
43 340 14 72 20 41 13 18 48 972 12 22 14 84 571 21 13 120 1 877
383 3 18 1 11 4 1 811 389 149 30 63 13 391 16 1 13 55 48 32
25 3 165 727 82 45 67 244 7 19 362 11 22 25 880 2 513 923 149 13
4 196 7 253 164 115 1 7 20 2 289 4 17 54 31 7 661 968 455 39
850 16 376 377 9 266 19 732 31 1 108 137 24 3 46 32 9 32 412 6
465 19 332 126 3 297 777 16 1 1 280 24 299 3 12 8 101 17 949 119
64 72 95 613 65 51 110 98 2 82 11 609 2 1 14 13 1 9 11 147
12 20 1 4 4 29 97 9 4 1 474 7 5 820 428 616 167 56 7 68
661 3 425 47 2 244 8 1 135 3 7 79 137 20 35 4 88 21 573 325
63 1 3 2 639 753 555 5 81 2 202 4 5 6 17 146 4 2 4 22
