20 165
347 415 3 245 363 2 781 77 25 893 5 454 28 33 80 7 19 710 2 8
4 69 12 30 71 5 3 3 55 1 248 131 20 55 291 179 173 16 122 11
83 1 15 41 524 769 10 137 458 5 1 246 361 243 5 8 76 1 935 9
11 53 1 89 27 15 521 364 282 124 307 40 77 1 2 2 2 184 30 1
97 701 105 59 173 15 88 8 1 607 185 4 642 699 1 456 1 682 537 10
5 16 41 108 10 69 8 12 2 207 3 27 68 1 4 1 723 4 30 379
165 21 372 77 115 1 164 47 1 6 47 28 140 4 1 274 20 337 65 200
111 213 11 41 252 140 101 12 213 107 724 1 7 9 65 1 324 2 220 341
119 98 1 1 172 4 23 29 183 13 7 341 12 50 224 5 2 194 75 2
453 135 367 703 94 1 1 41 61 348 21 17 16 386 24 97 12 5 26 1
52 243 162 222 13 87 73 39 12 42 2 22 42 2 5 27 1 74 42 406
43 2 350 296 1 8 1 41 502 963 9 7 38 24 117 54 2 675 175 404
583 15 381 1 291 134 8 26 58 16 40 9 14 5 2 17 59 40 68 1
1 1 9 675 1 5 16 1 236 486 396 1 1 653 1 28 210 128 3 5
33 58 53 499 2 857 221 87 267 517 17 104 5 46 1 11 127 62 128 347
945 352 1 30 2 2 48 13 310 83 134 5 125 5 175 16 22 787 144 46
2 148 5 79 8 77 70 9 32 24 7 4 5 26 87 9 15 13 99 1
1 8 265 1 18 1 1 580 678 3 47 20 153 1 29 3 3 90 22 474
90 3 161 5 23 3 447 1 2 1 30 56 14 14 211 3 3 124 16 2
6 216 8 698 3 461 252 3 4 51 40 13 969 4 132 4 1 216 554 472
