20 70
743 2 4 3 15 2 124 26 671 11 2 1 59 138 52 69 8 32 2 29
1 2 47 13 74 1 13 5 196 1 340 10 223 540 11 3 9 1 157 913
125 141 47 660 1 4 28 932 5 1 317 255 203 369 219 14 58 210 2 746
97 327 33 448 61 68 336 56 26 1 661 374 501 908 16 408 2 6 216 193
64 64 14 154 693 217 1 2 26 54 25 47 101 213 14 254 586 101 2 5
2 17 704 1 317 27 3 342 3 25 1 109 73 43 58 86 3 1 4 22
97 5 292 217 1 325 135 64 3 724 24 34 18 2 7 2 32 38 534 4
5 22 1 71 162 1 522 2 359 119 226 49 1 2 15 764 67 58 613 167
70 31 125 16 294 531 120 10 23 68 6 66 97 24 49 4 9 15 181 55
454 2 3 280 816 382 1 972 10 6 672 1 110 2 53 128 1 233 1 71
86 52 143 219 37 44 308 64 7 190 3 4 39 14 271 1 1 243 68 6
724 68 24 2 206 470 17 62 58 32 1 238 16 146 1 226 19 2 8 215
540 765 18 12 33 5 13 5 5 1 339 26 535 660 1 963 3 1 41 36
499 22 40 285 6 3 10 12 83 3 238 26 3 1 274 4 47 33 10 28
1 30 12 24 9 4 46 31 107 190 2 590 226 2 4 2 678 72 72 5
737 715 404 8 15 4 3 46 23 183 5 63 100 10 3 69 149 79 49 14
40 133 9 14 414 1 161 4 780 333 424 335 862 1 392 33 15 2 7 503
309 39 1 184 3 12 104 5 8 406 6 5 114 13 3 802 425 122 1 2
22 23 1 4 90 21 3 333 1 4 78 10 95 43 13 416 27 1 83 22
20 230 125 434 18 5 3 6 10 7 549 4 14 5 19 301 762 3 4 311
