20 343
88 1 10 332 335 8 3 2 226 1 15 741 20 258 4 356 673 10 163 256
137 243 38 149 2 225 35 847 4 45 887 37 4 337 173 3 4 26 34 77
2 659 896 9 3 2 343 195 346 18 49 319 56 43 6 11 12 35 19 199
258 253 258 303 997 1 5 1 8 311 1 20 73 650 861 1 3 17 4 13
8 1 33 76 383 1 987 8 83 10 89 979 1 32 125 21 51 568 164 23
30 181 2 37 48 3 6 28 310 3 62 49 61 201 23 109 73 56 118 173
85 3 26 20 5 383 1 578 239 905 1 1 1 13 66 3 5 517 95 109
12 190 679 34 17 378 262 678 8 582 378 209 661 69 105 252 5 2 532 725
4 10 341 29 232 137 821 2 15 193 240 224 55 1 863 95 4 20 7 7
59 32 209 4 3 687 243 25 187 21 59 414 33 11 2 56 6 13 71 27
10 4 3 18 2 2 49 111 12 520 470 84 6 2 51 495 2 36 2 67
65 1 46 913 8 1 4 6 91 50 1 563 776 533 13 1 1 19 18 3
9 7 23 42 48 74 3 5 307 11 408 413 493 1 28 1 663 997 939 2
672 798 235 6 54 956 122 23 373 146 32 788 3 201 16 251 110 45 3 898
663 127 5 534 2 537 17 6 354 72 5 4 213 113 1 3 2 3 96 1
96 24 80 666 834 102 3 409 13 2 22 3 99 840 118 1 218 495 2 743
3 185 12 112 12 323 136 47 126 47 16 1 14 490 9 880 26 2 77 103
488 881 55 490 29 1 928 61 342 1 360 7 20 39 4 118 874 1 61 6
4 3 3 94 4 3 5 773 113 151 7 4 14 194 1 108 185 2 21 316
51 14 1 84 390 34 5 21 8 174 40 1 7 1 12 1 1 1 934 2
