20 187
3 119 19 11 4 21 609 948 66 2 444 37 85 2 1 166 1 13 341 27
2 9 294 124 4 6 10 32 12 21 11 48 39 2 2 417 8 94 2 10
2 3 9 1 54 2 2 131 6 4 4 41 101 126 6 71 1 2 3 82
3 3 542 12 3 2 831 307 2 85 780 25 4 12 287 1 66 2 99 7
1 9 616 133 142 7 24 600 892 11 165 181 405 98 122 10 79 68 8 83
432 21 88 48 1 1 3 1 2 248 153 14 3 2 246 155 75 25 448 20
125 1 118 1 552 43 10 6 59 2 17 12 7 4 71 644 3 27 140 701
452 9 672 246 6 47 316 361 3 45 50 3 5 899 917 1 86 1 117 4
2 1 73 781 217 6 709 5 116 1 26 72 11 60 24 127 16 371 616 7
1 13 78 5 290 5 115 2 5 679 106 425 16 33 244 655 6 1 2 3
1 33 129 89 13 35 4 1 2 8 16 32 106 93 13 1 733 4 1 1
253 436 77 3 27 24 352 6 280 27 9 1 324 66 5 1 584 39 1 186
18 1 11 1 194 245 1 4 508 748 3 244 51 317 7 1 27 6 10 34
13 4 1 8 362 4 67 24 60 1 2 21 3 67 61 36 60 37 40 210
1 5 1 746 152 63 83 264 4 183 460 113 1 5 26 13 557 9 2 5
15 225 1 29 14 1 245 1 960 48 97 127 186 57 126 35 16 29 2 232
34 12 3 830 330 9 138 5 3 132 10 91 61 4 2 118 21 1 9 587
131 132 267 1 4 41 18 11 503 2 183 5 8 9 13 37 78 3 967 18
7 4 724 329 32 1 569 39 158 111 33 60 29 17 9 2 24 1 513 34
97 132 6 239 4 902 1 12 15 320 179 1 15 6 46 9 2 103 18 1
