20 225
322 2 4 13 5 34 248 246 1 16 4 92 581 131 4 383 19 420 3 11
22 1 2 35 191 76 1 99 235 3 188 17 10 31 22 788 38 2 19 318
4 5 1 325 19 62 55 431 84 599 1 1 133 60 2 1 221 133 577 21
493 515 408 1 438 34 1 4 532 1 4 18 263 50 12 239 236 13 6 135
110 541 4 4 15 2 360 1 433 53 267 73 46 1 4 5 2 4 6 40
4 7 5 4 1 51 196 33 33 222 322 11 263 1 20 18 31 153 46 63
304 15 27 108 24 1 840 145 630 4 189 438 12 7 13 2 267 480 26 135
811 12 14 260 1 126 2 2 235 755 3 654 45 2 34 64 142 202 2 1
249 1 131 4 2 9 2 103 17 72 21 573 90 11 217 15 48 543 18 3
42 3 990 32 102 850 5 67 994 4 7 149 317 20 1 235 223 207 27 4
5 316 21 932 220 9 815 1 28 142 22 1 144 517 564 1 121 1 10 10
104 332 102 2 96 1 2 293 777 7 1 1 54 38 711 1 1 5 11 41
339 551 2 7 2 41 44 1 226 3 264 42 54 511 244 2 2 1 593 22
49 1 975 3 163 6 898 841 32 1 26 1 7 5 35 33 383 48 3 18
49 1 15 10 6 12 6 6 51 5 183 37 87 1 24 14 15 4 65 111
2 102 10 66 4 1 20 24 142 92 610 1 63 1 489 38 972 87 376 3
2 631 1 646 1 47 13 335 67 334 719 67 1 36 8 1 41 99 118 129
43 4 1 2 3 9 159 1 7 266 28 11 396 575 8 58 1 22 1 326
348 627 1 232 277 96 31 151 9 8 402 2 25 1 526 21 7 332 133 3
1 384 13 2 3 768 796 2 5 117 716 2 201 28 146 98 10 218 35 1
