20 324
9 707 321 58 629 1 19 15 303 13 225 16 160 91 53 51 832 6 4 86
2 65 116 792 152 3 7 214 514 9 496 56 387 1 1 82 354 41 225 345
742 212 1 1 13 1 49 1 79 154 35 239 2 52 1 3 9 19 602 973
86 33 12 11 29 131 970 36 37 20 942 361 1 166 81 133 557 1 6 113
1 11 4 108 3 55 166 2 117 145 34 793 619 18 4 4 8 3 12 6
306 285 123 18 1 28 554 101 1 18 2 6 383 64 54 986 4 294 79 419
757 4 24 36 19 300 2 1 503 3 66 3 267 1 204 582 19 3 4 1
1 1 2 657 362 3 57 311 177 50 16 309 43 504 5 235 212 104 34 425
158 476 62 20 350 242 68 4 42 24 6 14 108 647 5 180 63 769 1 12
38 8 165 4 886 10 1 18 12 474 8 107 82 135 2 28 198 21 38 315
10 2 169 2 545 8 10 762 7 261 13 270 2 73 57 918 40 199 1 39
162 92 1 288 3 11 11 15 893 306 5 1 76 222 12 3 3 16 477 648
17 163 9 835 129 5 63 167 21 605 6 19 4 33 8 3 42 32 61 38
9 5 206 946 297 782 487 1 19 16 1 86 3 1 83 1 391 1 72 437
346 353 7 324 862 18 7 142 72 23 84 8 587 2 617 11 931 6 5 1
72 678 56 3 317 252 39 59 91 188 17 42 163 12 31 154 27 317 12 106
179 30 1 220 1 6 8 61 587 25 513 173 760 10 2 10 82 4 3 19
1 5 7 126 18 24 28 18 2 2 1 596 552 1 1 846 1 739 166 4
294 5 201 5 12 344 21 237 4 10 4 335 17 131 462 3 29 17 29 12
7 1 3 11 438 187 3 13 313 5 919 1 114 42 155 321 2 7 45 19
