20 287
114 175 17 119 388 11 9 46 1 84 824 803 434 32 54 4 1 13 6 62
2 43 16 1 3 63 807 17 160 2 4 624 10 158 13 89 679 422 4 1
1 5 5 3 6 23 164 28 1 681 1 278 274 123 609 2 11 259 9 1
111 469 9 1 110 73 9 431 190 6 17 6 16 11 220 14 247 121 26 22
5 708 864 216 98 507 6 441 9 240 29 59 1 271 88 103 63 369 149 2
46 18 231 60 5 30 35 105 81 650 234 2 150 1 28 110 24 4 3 117
64 112 6 1 293 37 326 13 133 15 652 71 169 36 2 1 2 1 2 48
397 141 2 22 2 384 56 6 2 74 4 42 10 3 314 7 3 276 10 1
768 7 244 30 1 16 11 466 1 9 29 19 59 22 4 942 2 30 2 739
67 55 3 40 6 79 2 30 110 2 102 20 39 309 9 33 546 1 105 2
7 46 19 12 170 352 534 355 2 4 850 42 147 303 21 16 1 6 141 361
1 1 129 2 90 981 244 101 459 263 24 162 805 612 8 88 28 5 14 2
1 254 3 819 405 115 234 226 166 6 4 121 1 1 1 50 21 210 77 324
237 3 10 125 544 344 49 103 1 329 4 4 30 725 1 1 1 636 73 14
6 3 6 691 517 39 48 8 846 6 341 34 80 4 32 184 4 1 389 444
1 1 1 813 12 8 146 763 16 4 18 9 26 9 503 656 7 98 18 1
272 49 6 3 1 136 29 2 3 44 27 73 1 1 21 63 254 1 13 570
41 3 18 327 2 262 2 5 279 219 7 53 1 77 695 715 3 471 154 1
918 156 184 43 473 171 175 592 46 4 14 695 140 7 24 358 454 114 2 1
14 4 5 194 136 31 2 27 89 121 3 18 795 580 1 225 1 189 547 381
