20 395
627 3 591 674 87 86 1 118 4 266 588 3 1 261 13 711 11 5 7 63
1 16 3 142 1 2 1 652 2 11 309 19 21 111 15 603 834 436 5 142
1 13 5 1 2 122 1 8 5 529 133 57 4 18 10 945 57 15 20 4
1 1 11 151 5 155 8 57 10 3 331 27 9 578 1 157 163 1 3 804
4 482 2 118 4 8 69 9 9 579 33 36 3 5 348 62 135 678 3 741
1 87 39 5 60 1 225 1 2 1 4 7 260 14 275 485 341 20 273 5
243 21 582 212 650 23 2 31 11 28 3 717 2 14 14 270 16 6 64 11
20 249 1 5 67 2 60 10 5 124 387 126 972 43 24 1 3 1 25 2
15 3 2 882 3 21 260 9 384 2 222 341 27 858 70 107 49 4 1 31
1 5 927 104 87 847 4 14 70 35 201 4 30 12 107 22 4 1 98 123
5 565 17 51 6 1 317 259 91 361 905 4 263 15 36 103 116 12 9 4
188 66 424 23 2 35 43 10 113 933 14 107 465 4 58 1 3 1 2 31
144 5 51 18 387 202 1 794 19 11 476 94 4 128 227 212 4 67 354 4
27 2 420 36 454 3 16 9 173 248 4 2 169 12 4 137 57 61 243 4
238 543 3 119 243 358 7 8 7 881 429 1 621 95 11 505 107 139 345 10
154 43 2 37 2 81 10 2 24 944 3 5 19 30 1 620 165 287 3 3
1 378 4 326 3 1 376 2 96 138 2 14 2 111 4 12 410 219 28 757
1 43 109 617 217 42 382 152 27 277 4 3 35 33 233 4 2 226 28 14
399 13 179 541 260 4 978 4 242 363 1 787 22 66 93 36 65 723 2 211
24 3 609 36 53 44 63 9 23 466 368 12 103 76 35 3 194 58 1 63
