20 143
8 6 83 257 50 21 8 1 539 11 93 7 13 33 70 280 340 1 90 7
119 282 295 30 54 321 4 23 3 363 473 305 81 185 438 14 7 599 72 367
48 537 2 111 2 742 4 775 2 3 24 24 11 168 27 41 12 308 2 257
811 3 7 358 362 18 42 48 443 704 115 1 5 2 4 4 79 28 6 1
392 3 7 86 15 985 8 39 2 203 55 2 175 3 4 7 879 12 10 353
19 284 10 4 2 14 13 2 75 8 103 61 228 459 16 63 15 69 187 356
30 229 3 289 21 544 576 5 669 4 1 5 32 75 904 1 14 10 1 148
5 21 12 821 71 1 5 404 22 53 82 554 1 6 3 3 89 659 20 5
804 1 79 56 32 51 169 1 39 186 267 94 3 35 2 28 18 318 3 297
12 12 58 106 4 1 16 606 2 9 52 431 17 1 42 2 25 7 5 4
927 693 60 90 235 266 68 447 771 6 1 3 79 780 1 76 102 446 4 2
447 35 1 9 4 33 327 639 2 62 26 272 3 4 282 352 82 266 85 4
555 5 1 3 29 16 41 95 7 2 107 19 2 553 81 49 568 911 23 17
246 95 69 1 1 786 109 15 1 35 5 804 35 216 98 157 4 26 19 2
14 3 163 1 1 125 83 7 3 118 1 648 2 140 2 366 288 63 17 980
34 6 3 4 22 572 5 136 489 6 158 48 2 13 18 24 21 551 1 9
65 895 181 2 11 441 8 37 1 13 979 3 110 6 121 83 962 408 246 8
29 21 91 76 275 4 1 75 336 592 412 27 118 198 30 449 2 257 22 235
470 86 2 1 2 498 100 2 2 1 7 330 2 4 6 13 897 24 1 2
11 898 2 1 33 2 1 5 9 986 11 1 142 592 27 214 3 8 236 575
