20 288
23 65 6 250 16 2 79 78 148 126 42 324 1 6 26 980 56 10 2 85
52 88 3 2 256 2 229 5 507 22 6 404 71 6 5 6 4 2 17 1
2 27 27 57 53 277 459 52 256 677 21 195 361 36 619 250 55 26 3 17
34 449 124 1 5 2 5 1 742 133 11 635 56 5 20 121 134 21 213 11
343 6 183 16 59 645 17 93 10 26 13 1 168 1 1 365 1 371 1 565
7 11 152 168 395 1 927 1 5 92 2 402 63 28 76 115 22 13 682 3
489 491 22 349 236 294 1 1 94 1 7 3 3 1 1 61 166 530 1 679
38 1 1 82 333 2 342 59 289 1 30 20 2 32 1 9 116 8 198 2
25 14 5 60 198 3 7 211 215 847 5 2 366 13 316 14 67 120 356 176
100 323 760 2 5 11 45 20 9 7 6 66 280 576 94 205 268 3 2 6
544 14 7 1 201 2 36 160 104 707 8 1 100 6 575 39 235 2 76 385
2 1 366 165 7 195 191 100 22 175 31 1 474 182 2 12 12 237 33 25
53 93 324 23 58 536 2 264 494 2 1 19 519 51 338 1 846 114 2 13
16 9 16 27 1 30 558 3 201 176 236 19 40 171 38 244 179 11 180 1
1 49 8 914 28 6 886 1 5 11 344 67 1 46 2 12 5 38 342 12
2 350 3 2 1 310 320 213 2 1 34 1 3 21 1 6 449 99 420 3
3 260 78 134 18 3 4 32 4 26 4 26 313 7 2 698 12 95 13 338
231 429 250 254 27 698 20 6 5 1 698 2 322 24 82 52 21 29 57 168
50 2 131 2 60 388 51 123 315 638 59 39 52 714 201 997 5 1 31 129
880 2 145 475 11 11 1 20 22 29 5 12 829 3 102 1 8 2 1 5
