20 253
2 664 151 41 8 3 29 1 6 4 31 24 4 18 4 55 1 7 454 1
120 126 1 14 216 22 124 28 16 2 55 7 121 35 70 585 18 13 54 810
1 2 75 6 303 19 41 799 4 1 990 88 503 2 2 3 10 38 491 4
1 95 12 27 25 345 14 1 1 32 98 11 12 124 136 259 629 36 48 313
4 66 8 327 20 18 1 47 137 684 18 25 2 156 1 11 5 1 15 55
2 636 3 45 1 25 242 1 27 5 12 91 264 3 26 30 82 5 72 41
654 147 5 72 528 2 9 9 3 20 25 1 114 68 1 292 3 46 190 15
577 1 2 1 824 3 7 1 128 5 3 98 779 877 6 153 766 455 1 3
613 1 9 74 173 104 94 5 479 5 782 879 1 53 1 4 601 1 326 1
12 1 294 2 11 53 50 2 2 158 59 9 34 502 5 356 97 130 227 48
154 42 225 143 9 233 660 285 119 358 626 846 108 8 422 786 24 19 422 120
35 33 1 5 994 334 11 3 134 11 10 830 1 865 4 43 1 39 10 232
12 4 2 879 135 8 7 493 18 132 2 87 18 5 5 89 53 619 322 438
5 4 3 2 54 7 309 116 10 94 7 2 198 3 429 35 373 209 1 265
20 9 45 11 146 619 628 1 1 31 178 7 503 19 204 318 1 8 2 59
4 91 651 8 91 305 262 5 1 64 126 2 14 15 43 46 810 22 6 1
70 14 651 1 99 235 6 6 1 56 948 11 9 133 82 532 2 24 2 8
515 273 16 4 613 2 5 1 631 149 20 555 3 120 32 455 738 73 182 1
408 884 1 17 6 2 1 61 4 243 39 3 451 22 98 3 2 7 23 27
433 236 598 833 54 721 2 50 224 2 173 2 618 717 576 181 1 3 914 340
