20 297
523 1 15 66 52 563 4 9 60 286 155 50 93 9 75 33 73 27 423 15
451 3 88 9 49 7 7 7 7 62 89 930 249 12 142 1 399 5 235 105
372 39 72 27 10 104 4 8 841 4 1 89 1 166 113 17 181 437 297 249
9 1 10 14 1 873 662 1 738 509 183 32 445 34 313 12 239 541 175 365
165 3 24 13 27 285 3 474 4 403 6 1 36 645 515 13 39 36 46 17
218 576 109 37 4 15 422 704 6 1 183 83 265 85 3 6 8 29 17 363
21 18 812 1 991 455 18 141 209 2 68 3 213 1 540 20 131 5 1 29
8 751 140 106 7 635 46 427 5 2 3 106 481 25 845 702 5 17 55 36
181 170 69 2 4 396 129 555 2 19 4 74 49 13 408 2 326 3 7 2
308 91 40 2 824 42 5 4 43 12 239 63 628 174 52 71 638 6 4 129
150 20 2 11 89 11 347 69 33 90 126 484 46 4 2 1 9 497 11 8
563 29 153 286 6 425 871 9 1 274 3 7 47 23 203 451 673 1 321 334
99 469 100 17 73 11 1 97 21 64 342 560 5 3 80 75 473 189 285 500
1 37 1 399 46 666 1 2 1 10 1 175 1 1 2 128 188 762 78 2
543 23 5 14 37 223 153 125 833 908 45 241 27 748 24 889 17 612 5 11
114 1 2 427 56 33 4 616 266 2 85 301 3 229 95 401 319 748 59 477
8 41 9 78 41 4 1 2 991 455 65 31 24 10 7 17 1 1 1 514
1 10 86 336 3 8 162 46 343 529 52 2 3 2 1 23 33 221 178 15
6 78 597 181 17 6 266 374 129 57 106 37 3 22 195 13 3 380 159 64
100 9 4 67 23 2 50 10 102 28 299 127 159 4 2 33 6 437 1 41
