20 45
276 183 1 31 616 875 362 9 3 476 1 61 3 5 41 436 75 23 2 538
36 9 251 1 6 254 19 71 2 4 972 58 852 427 515 413 184 4 157 1
76 142 10 2 186 1 164 317 72 1 292 455 2 3 1 938 993 1 14 4
174 3 884 18 149 1 6 62 507 195 38 169 16 17 704 792 10 11 30 7
261 1 1 45 82 23 3 2 57 14 1 4 4 8 8 27 1 390 22 64
38 5 945 165 42 637 15 1 148 47 600 2 21 4 5 2 57 28 8 10
9 14 1 475 232 47 268 911 388 2 9 230 6 365 22 339 51 612 373 220
48 4 285 1 2 1 852 434 20 1 842 421 7 1 38 852 185 16 216 252
29 5 24 77 594 3 1 114 17 16 7 676 49 1 64 190 108 117 14 18
118 36 13 859 53 6 5 1 103 1 150 1 17 38 4 2 2 282 70 1
788 1 869 4 494 3 24 11 1 59 208 7 23 353 10 437 29 301 815 207
131 61 15 1 1 1 1 608 34 1 1 28 597 183 21 7 72 29 54 593
25 4 2 10 700 51 130 73 2 216 5 126 3 26 20 30 282 10 2 8
8 15 360 68 58 136 45 115 197 79 26 25 313 42 28 4 78 27 3 864
396 29 7 633 4 139 137 5 58 11 227 345 5 3 1 1 156 62 1 1
2 46 34 636 10 320 3 10 19 4 183 67 62 215 1 66 512 837 20 3
60 166 14 149 103 371 828 460 37 777 27 855 5 1 24 377 578 1 296 369
1 4 465 1 17 112 6 22 126 98 38 2 2 4 221 7 408 14 752 6
25 86 4 1 6 23 197 4 60 7 2 16 981 122 23 14 33 81 490 6
3 163 15 205 773 100 62 1 1 4 247 67 507 84 437 37 126 58 9 3
