20 101
37 782 96 17 5 491 470 7 690 244 1 3 741 124 856 144 2 348 2 170
2 345 101 4 11 225 8 3 45 3 3 17 606 3 515 795 240 389 587 54
3 17 1 11 34 21 401 130 699 3 9 35 22 424 2 209 114 17 32 389
132 8 2 5 966 5 106 230 9 810 15 703 201 69 43 12 323 855 138 5
5 15 66 22 52 417 746 150 6 837 476 3 94 580 17 342 1 84 256 205
748 1 104 2 15 70 2 604 57 4 61 1 172 22 1 9 284 159 24 280
1 1 1 1 152 29 2 559 16 29 39 3 26 179 3 310 93 17 2 179
177 4 10 13 375 15 8 107 15 298 151 28 80 125 505 18 6 338 2 7
2 38 35 5 56 8 1 3 5 1 539 517 284 70 55 62 1 4 89 257
224 186 70 26 23 30 103 117 2 102 983 1 1 94 98 28 1 1 9 1
827 5 12 4 3 28 6 1 12 7 1 15 53 53 142 354 105 409 2 22
11 59 602 43 15 1 4 4 109 1 86 4 19 408 10 22 8 341 35 1
1 353 12 24 15 17 237 11 11 74 321 5 363 19 1 13 18 1 4 23
40 278 958 7 516 1 309 1 14 736 19 237 42 44 504 58 15 1 2 169
825 336 457 94 78 711 227 104 536 25 1 6 4 373 203 52 176 49 564 17
25 3 76 1 73 899 109 609 47 742 10 186 1 21 4 63 399 90 32 52
97 4 1 13 2 2 5 2 758 879 14 722 887 4 531 1 8 23 1 47
28 512 88 4 1 194 238 49 619 80 58 16 920 19 13 3 37 168 195 1
31 156 2 5 4 972 2 1 199 487 13 431 281 218 321 192 106 1 8 40
11 77 9 1 399 8 582 17 90 8 891 34 19 44 328 379 24 305 6 125
