20 144
465 22 304 9 1 430 2 131 984 1 619 177 11 37 39 307 102 8 367 3
677 10 13 144 773 34 2 187 99 48 716 26 662 38 1 176 50 6 85 55
1 7 56 1 1 41 187 35 383 284 6 15 7 2 2 5 100 2 47 21
70 13 560 13 217 7 460 12 1 306 12 1 69 100 656 2 34 4 650 3
80 135 35 1 29 293 9 2 11 2 1 762 111 2 21 45 16 13 62 111
1 146 86 10 10 29 38 10 397 178 32 784 8 348 48 1 1 13 64 207
101 38 717 2 150 119 3 9 4 36 97 672 1 46 364 813 6 712 28 4
292 217 183 375 530 165 376 3 30 61 976 537 45 111 1 154 2 81 4 19
6 3 918 22 7 93 523 111 226 325 761 18 179 58 443 149 1 2 9 7
597 1 1 2 50 2 684 3 168 4 176 146 3 456 41 28 112 4 1 55
5 7 55 392 55 37 25 1 206 218 2 30 594 2 104 153 959 1 85 5
15 421 210 17 1 24 941 450 152 84 836 18 1 3 37 41 18 34 3 157
71 105 1 803 310 1 370 6 13 2 99 2 406 14 157 47 3 55 1 197
1 113 5 5 289 6 31 3 220 165 23 55 2 27 221 3 297 17 127 2
238 28 2 236 293 2 225 1 18 17 409 3 3 728 219 7 190 14 310 4
23 271 587 3 36 38 22 745 38 119 308 12 23 2 187 2 4 11 22 49
14 8 20 981 505 427 7 1 2 2 12 742 90 345 1 12 53 242 1 130
288 22 2 906 39 15 2 3 2 1 952 9 357 35 244 2 197 980 29 10
15 9 48 3 90 1 1 174 1 748 320 471 157 53 2 65 45 13 68 2
32 86 59 940 15 326 384 10 530 14 15 24 11 711 23 102 23 168 1 22
