20 377
5 160 1 33 600 178 50 17 19 8 159 28 6 83 237 65 275 514 10 904
2 61 1 5 17 11 385 1 191 120 10 7 107 362 643 298 93 750 1 14
95 58 27 6 47 75 4 25 693 139 2 8 26 344 19 8 759 90 280 6
2 28 29 45 11 46 107 771 4 630 1 887 10 257 370 28 9 27 2 801
2 4 20 136 6 133 426 4 6 4 125 1 10 635 1 49 1 2 10 6
307 469 5 16 29 136 81 3 2 10 5 12 1 47 25 305 303 1 91 660
2 2 327 1 48 40 27 117 14 616 27 15 119 424 1 29 144 41 10 60
6 6 240 90 11 1 1 2 13 6 10 2 848 536 37 24 2 20 6 13
1 1 1 12 3 150 3 48 263 14 7 18 3 3 1 704 84 20 362 3
171 6 3 1 3 7 49 66 1 10 48 652 47 497 1 12 4 650 5 1
942 4 1 747 78 9 3 197 175 2 67 18 31 84 35 3 130 60 2 8
83 409 1 221 132 343 14 38 10 10 159 210 168 85 17 104 183 4 184 13
2 159 22 297 66 1 166 181 521 6 8 36 395 2 249 114 335 530 53 1
78 30 88 253 5 6 11 16 95 106 181 80 2 5 138 9 530 5 2 4
7 9 26 157 92 69 250 24 10 242 40 1 308 1 4 20 3 18 899 152
129 1 168 2 54 52 132 106 50 598 485 2 73 15 607 2 1 28 35 1
149 2 816 131 489 113 1 1 306 7 1 180 8 2 1 1 1 2 4 3
1 94 592 267 597 12 366 12 23 1 1 1 5 20 2 86 430 468 23 281
805 2 61 701 330 142 524 2 457 1 5 1 2 5 95 867 240 62 981 20
1 68 17 221 264 97 135 52 303 17 40 11 760 1 232 325 235 165 3 24
