20 343
268 5 97 7 164 874 2 1 5 2 7 4 52 60 22 2 4 161 190 75
6 28 347 47 43 44 477 15 390 83 1 234 369 5 26 11 787 1 1 17
50 113 19 530 2 11 3 2 1 43 68 4 1 23 372 4 97 38 1 220
65 5 662 122 219 1 214 2 30 131 544 4 123 5 809 170 1 229 16 1
1 84 56 2 15 735 548 116 60 5 472 4 62 49 5 1 317 10 1 1
23 23 303 50 1 1 196 39 968 244 3 750 54 50 9 805 1 640 28 1
13 17 17 18 468 384 1 4 30 313 14 83 48 77 3 79 6 317 198 1
3 25 13 1 6 5 79 483 634 1 2 257 557 21 3 60 1 22 1 55
870 3 35 1 77 1 9 60 5 16 89 11 2 7 1 1 6 144 162 2
17 2 507 4 10 20 157 3 176 7 3 38 36 35 2 59 8 13 944 8
3 40 32 4 5 119 602 25 786 765 77 7 9 30 18 3 260 517 950 8
100 30 52 395 394 112 700 2 25 126 339 286 12 639 15 3 709 191 3 49
4 9 6 507 63 1 3 848 208 205 33 7 8 305 408 23 131 1 269 227
279 869 2 10 51 689 12 945 18 3 17 1 137 1 10 251 5 77 15 249
3 1 81 112 222 5 316 15 882 362 37 240 43 116 506 441 57 2 133 4
149 677 76 120 562 806 25 22 152 963 5 722 2 4 1 5 27 86 331 1
184 7 279 7 35 11 28 27 167 131 40 111 2 1 11 1 40 643 1 1
57 12 15 23 120 698 8 7 16 481 7 54 748 527 11 518 65 52 628 452
5 3 4 610 73 3 23 1 3 212 41 200 145 10 122 620 46 22 30 22
3 53 26 242 222 2 3 4 257 84 114 1 13 5 37 103 3 9 1 78
