20 386
42 24 84 106 1 377 40 47 25 100 18 40 734 69 646 2 399 51 44 100
328 28 24 3 935 377 1 6 798 19 8 203 33 216 11 1 35 261 33 14
923 148 17 5 277 87 15 49 120 34 10 12 44 1 4 14 47 55 29 986
1 2 272 207 2 4 236 31 207 3 24 104 6 393 280 78 105 1 1 23
1 90 3 962 268 633 73 35 6 1 1 25 25 280 13 46 5 122 1 543
92 31 5 347 32 241 888 5 1 3 16 13 3 110 7 77 70 315 35 4
7 50 833 182 31 47 6 3 348 182 39 9 335 1 2 9 91 135 4 5
68 7 2 47 30 123 364 1 1 196 540 629 41 44 188 14 2 60 15 92
8 579 3 2 350 2 182 4 21 1 4 1 5 509 2 54 289 7 1 1
21 630 1 288 362 575 253 942 4 7 6 2 60 37 93 111 87 15 28 621
1 4 1 129 592 4 25 701 33 278 198 23 162 7 215 107 31 12 8 10
4 35 8 2 5 2 55 168 44 122 11 226 8 2 5 120 450 1 260 18
52 32 22 140 11 450 6 3 1 3 1 249 1 288 140 169 265 39 120 124
7 145 2 432 7 6 22 112 283 447 1 3 1 65 9 11 90 55 23 21
65 20 641 120 17 1 39 19 383 1 14 56 713 276 12 4 2 13 2 3
105 81 103 2 33 3 121 1 247 573 4 20 1 2 12 925 440 59 554 292
2 93 3 3 13 23 68 100 1 140 205 270 425 145 126 315 6 2 999 24
9 611 1 2 5 1 47 1 79 57 211 22 164 9 104 135 703 85 60 553
2 61 204 106 1 4 32 294 195 44 16 91 506 2 27 5 85 180 203 453
5 15 11 3 295 557 8 558 282 608 81 13 99 521 764 229 17 79 73 25
