20 195
694 318 12 118 118 4 4 2 77 1 4 73 29 1 40 359 1 25 3 57
101 12 7 3 149 25 1 2 95 53 371 1 352 22 9 3 5 4 49 66
13 96 11 336 4 20 531 71 4 46 4 19 946 75 409 1 1 516 27 2
56 1 16 235 85 420 5 648 8 820 320 251 458 3 553 53 1 298 4 4
201 310 9 15 185 8 26 2 664 1 183 17 1 447 39 63 4 2 25 75
11 25 717 11 59 37 5 2 59 12 369 31 146 843 2 1 429 49 108 6
535 143 716 3 53 2 490 10 4 373 64 15 6 8 8 22 314 66 7 14
2 143 5 24 16 20 1 10 100 940 149 7 6 1 3 975 2 3 4 3
11 1 19 86 20 188 1 1 6 15 90 20 3 3 219 4 793 1 28 90
6 399 6 4 363 4 20 3 9 543 46 56 8 7 206 49 3 35 24 226
315 35 67 684 768 1 90 1 90 19 15 71 603 4 128 254 309 7 346 59
769 16 15 2 3 487 60 891 699 147 102 2 31 1 1 17 757 22 21 540
19 1 34 658 1 85 10 8 1 43 22 340 435 230 2 255 90 376 3 518
430 295 216 159 249 8 4 72 943 3 3 134 335 4 307 1 850 103 4 30
116 91 1 4 188 23 24 749 682 2 294 50 201 89 9 18 4 644 8 917
638 139 924 161 761 105 37 4 4 2 190 26 4 2 895 594 665 117 119 228
10 19 33 16 284 3 102 560 39 8 60 1 8 2 5 57 79 529 11 26
98 6 335 286 3 31 4 927 94 286 1 23 386 35 528 2 10 2 1 8
122 12 17 68 95 2 2 20 6 164 122 12 17 393 17 61 546 50 27 72
35 7 15 2 2 84 147 413 766 551 484 150 210 18 630 968 711 3 15 286
