20 104
12 6 2 362 5 25 1 49 6 39 345 890 3 44 198 77 12 959 24 1
2 39 79 23 384 912 164 4 266 4 3 1 3 7 177 23 8 29 587 153
5 7 36 10 628 254 412 1 473 21 359 612 64 111 70 7 2 32 29 19
239 1 489 3 1 318 823 8 67 9 2 41 2 36 1 76 2 796 253 5
2 346 4 713 2 1 14 306 387 375 35 21 1 12 42 47 349 20 330 6
13 237 492 1 620 728 51 569 40 19 2 33 965 55 62 29 212 4 22 3
257 2 802 482 258 93 5 3 2 7 354 36 16 37 2 1 576 10 64 12
38 1 6 995 217 193 3 27 877 62 45 61 5 5 377 3 1 6 11 929
603 3 218 508 164 4 195 7 222 101 225 1 12 3 300 181 351 39 807 28
2 61 10 345 12 67 1 5 62 458 80 3 7 2 87 57 28 230 930 10
9 3 19 6 97 327 133 3 1 4 34 188 33 1 163 110 1 12 22 72
272 41 263 49 17 815 51 201 290 1 51 623 22 13 589 15 12 185 33 51
38 4 1 74 104 558 5 991 34 1 90 141 221 26 64 2 714 97 75 229
2 3 26 491 460 659 1 3 41 15 49 11 84 10 4 112 1 1 6 78
1 158 6 4 20 327 334 10 460 787 426 5 584 34 4 124 430 3 138 4
1 167 46 54 257 12 2 122 20 620 664 11 626 661 6 738 90 1 87 174
228 426 58 426 18 242 243 19 14 9 178 614 554 24 243 81 908 72 3 109
1 74 4 783 1 16 1 214 290 3 1 395 58 235 249 1 155 6 4 622
378 156 2 2 130 394 103 276 2 5 119 7 3 2 5 1 29 201 6 1
61 2 492 2 319 318 3 83 15 835 44 149 7 2 333 265 2 128 3 2
