20 341
493 328 10 62 13 7 250 1 35 18 5 3 191 74 671 2 76 2 14 333
34 9 55 4 7 200 3 31 811 7 9 174 2 1 1 5 2 579 21 1
454 392 3 4 825 8 233 154 54 137 174 1 18 144 188 5 43 1 98 7
29 167 67 667 363 5 15 288 203 4 78 514 394 1 5 2 105 603 76 30
1 6 101 51 29 29 80 1 5 45 1 9 595 77 9 3 87 15 5 1
497 2 9 3 1 220 29 26 650 4 365 487 2 723 22 11 5 2 174 64
669 139 865 24 456 22 163 4 58 3 92 122 13 10 13 210 5 6 202 9
351 93 2 1 58 1 2 1 537 681 27 2 2 9 20 395 142 807 28 354
478 5 76 238 147 12 46 749 13 1 3 13 15 79 4 236 18 62 3 548
69 1 8 13 9 70 15 252 129 2 470 88 4 17 30 42 506 197 14 284
866 1 1 5 536 89 905 4 350 9 665 308 6 2 5 9 77 180 7 2
25 90 15 8 1 3 1 1 39 61 81 223 71 114 84 1 200 273 3 8
545 816 8 1 768 970 21 442 1 72 31 9 712 15 4 29 4 85 298 52
571 5 40 459 3 301 2 1 233 7 1 5 4 38 29 9 8 992 581 2
19 410 84 3 3 58 1 137 932 557 3 40 3 1 150 962 2 2 2 45
164 25 321 71 203 401 56 8 158 27 696 108 1 1 61 598 1 52 48 13
348 5 69 391 19 5 62 5 358 113 1 9 692 559 100 30 1 31 3 226
668 2 30 508 43 143 3 17 10 119 20 1 8 1 3 95 209 915 94 1
339 822 29 2 22 122 8 157 1 23 14 50 4 45 655 356 3 644 2 24
230 2 34 7 5 285 12 2 150 10 125 978 99 190 210 391 105 1 10 1
