20 357
592 1 552 4 34 519 81 118 1 7 159 36 3 7 1 22 2 5 163 161
69 1 2 757 4 1 237 12 33 252 328 82 28 908 1 257 197 1 127 266
2 113 20 133 31 8 237 2 1 468 30 127 62 186 21 1 1 253 762 3
1 3 6 45 1 974 56 6 6 2 6 13 12 678 2 630 67 1 55 18
7 207 1 16 4 9 40 107 775 45 422 125 7 163 3 31 16 6 748 333
5 11 638 128 40 4 37 7 1 95 20 36 150 85 629 14 6 8 313 267
32 1 443 63 358 86 11 862 13 38 9 3 74 227 6 230 487 1 9 20
31 2 1 96 329 8 46 14 1 126 815 4 596 23 121 4 790 2 8 480
691 49 66 404 2 75 551 3 111 135 1 16 12 40 1 24 8 24 2 18
1 8 6 7 2 4 30 21 226 473 1 16 2 1 2 663 13 116 1 120
8 2 248 7 182 25 870 351 1 6 880 82 19 793 5 4 1 37 159 52
1 66 34 2 109 29 14 2 4 2 2 21 13 36 130 7 388 181 1 10
7 777 169 999 37 59 1 8 4 141 52 1 577 355 155 29 413 28 10 968
41 660 16 10 5 130 1 10 4 18 489 666 4 24 232 228 135 1 29 1
816 1 110 765 44 272 23 10 25 60 293 765 6 23 3 1 3 2 534 11
608 2 2 299 7 810 157 94 410 106 59 231 48 150 1 2 8 124 6 611
60 26 15 1 7 58 964 61 1 130 38 39 228 44 163 83 1 232 7 82
17 30 60 8 98 326 75 34 979 2 57 526 327 45 3 526 162 26 118 838
2 550 100 2 36 30 6 31 167 919 197 7 440 128 173 36 877 141 112 95
2 79 38 16 3 1 850 4 358 448 364 1 2 32 5 38 223 3 15 2
