20 98
16 14 27 52 1 10 239 4 4 15 414 13 337 43 1 1 8 3 47 29
1 571 899 26 9 1 207 186 32 3 3 5 25 3 110 90 167 2 4 62
3 19 546 6 6 133 293 71 94 11 73 127 47 1 285 204 9 4 41 14
25 15 638 441 586 4 267 1 3 372 178 1 1 5 75 8 104 39 5 439
179 473 6 29 122 5 1 37 12 345 14 83 13 76 185 12 520 23 42 64
29 8 301 22 4 35 8 70 22 459 1 128 263 4 143 416 2 217 4 2
2 938 1 96 13 4 9 21 405 3 7 32 33 6 4 5 254 701 3 16
44 821 187 15 296 280 50 109 41 402 1 53 300 16 511 3 892 461 147 31
360 474 38 5 1 3 67 44 12 2 7 216 23 8 4 642 715 18 1 18
18 2 1 326 394 1 4 168 8 368 2 552 2 340 5 182 3 48 101 2
25 538 52 58 207 1 38 1 1 20 1 275 12 253 41 7 3 1 5 3
6 33 66 21 10 3 396 31 40 2 73 1 224 1 21 1 376 15 500 88
234 137 591 3 45 21 299 7 65 396 1 12 2 767 134 2 1 4 1 2
763 12 328 81 17 105 5 1 213 489 10 2 42 1 189 199 162 180 36 245
3 75 2 17 6 30 1 43 3 58 142 743 3 606 1 35 3 5 46 5
20 1 1 27 257 25 6 1 157 637 2 61 702 104 381 1 297 2 91 269
347 351 233 123 2 109 2 866 71 356 27 312 269 12 220 292 6 379 199 656
7 592 27 36 4 62 299 809 9 1 18 1 419 6 250 4 492 255 147 65
3 385 1 264 62 15 19 98 17 430 2 336 157 5 130 1 121 64 501 369
98 9 3 50 933 15 1 30 6 147 9 561 778 21 7 7 7 33 288 79
