20 160
205 4 42 1 8 5 20 468 6 191 229 3 32 15 455 56 291 36 5 8
7 2 597 14 4 2 31 814 1 1 340 4 143 48 22 404 433 28 4 6
135 18 31 2 29 766 2 2 158 399 958 944 10 553 2 39 148 128 56 4
22 475 10 1 282 6 18 51 56 210 493 351 454 41 248 752 786 152 10 184
35 547 193 2 1 3 12 55 6 7 139 3 4 20 31 6 4 146 23 189
123 620 1 4 70 291 150 4 177 206 6 9 1 11 24 156 350 455 1 1
2 11 133 58 67 1 1 12 538 4 1 5 623 4 69 217 403 351 995 2
5 354 8 7 5 41 1 3 35 8 1 263 125 559 2 15 130 18 4 40
267 13 216 8 20 1 8 43 2 14 384 35 126 1 45 1 3 246 415 81
2 150 2 9 2 86 36 490 4 305 52 58 219 201 465 236 1 31 12 2
299 120 3 236 62 11 1 5 126 252 769 2 6 191 224 35 5 54 192 5
1 47 6 7 20 14 241 11 21 52 218 306 3 212 211 249 54 8 409 303
626 4 14 3 2 4 66 652 17 2 114 1 36 800 7 1 20 91 14 1
12 6 40 1 2 171 3 1 3 2 24 1 1 47 510 4 246 35 1 60
4 12 2 10 25 2 33 100 13 44 1 58 128 838 26 3 10 494 1 1
6 46 2 24 3 33 287 353 3 602 5 29 45 46 121 66 503 75 28 136
9 18 39 962 4 2 307 4 1 680 968 155 10 4 31 288 41 85 396 46
279 3 9 18 42 884 13 32 14 173 577 60 450 10 19 74 798 189 13 9
41 3 824 3 557 2 25 7 123 159 4 173 2 20 535 24 40 117 1 18
1 6 333 777 1 115 30 1 1 1 65 19 664 489 167 3 44 176 37 17
