20 275
120 485 779 4 1 325 5 74 208 2 101 13 9 12 3 1 12 22 266 624
8 838 258 12 59 3 776 79 146 7 16 676 162 168 45 414 10 1 42 272
2 55 77 7 549 814 7 1 791 2 2 194 210 40 15 185 58 5 2 8
15 600 1 69 2 4 1 10 38 7 22 25 1 57 64 30 5 673 37 30
497 95 1 55 58 578 2 31 17 53 303 1 328 191 51 6 1 19 14 80
866 9 151 9 3 5 97 160 202 42 1 11 294 30 4 858 365 884 14 7
6 2 646 11 59 178 63 53 8 38 3 75 24 3 1 33 192 728 754 1
346 299 18 330 14 487 34 23 103 806 16 1 924 273 11 2 2 14 85 1
92 29 1 117 5 10 585 2 1 147 17 2 596 3 443 1 629 6 933 31
42 42 17 25 754 1 16 758 1 24 837 51 2 528 6 245 1 5 40 2
41 113 4 8 706 2 787 2 5 74 3 19 64 707 33 1 15 1 321 929
15 59 197 7 120 9 5 42 865 535 6 23 13 7 501 24 163 1 43 491
8 21 298 179 75 15 87 2 2 3 429 2 1 600 32 159 123 144 27 130
1 12 1 458 446 691 2 23 8 67 167 741 15 121 4 5 33 31 116 118
512 358 36 136 11 5 182 2 10 13 159 76 312 1 96 16 301 802 1 12
88 7 556 183 305 3 5 12 1 43 276 11 5 138 2 1 4 100 4 3
5 13 737 534 16 2 20 9 552 868 81 7 256 14 309 184 422 251 1 29
152 4 182 651 2 8 77 23 54 1 3 11 12 1 2 2 3 19 51 13
81 5 1 4 3 3 3 39 1 43 9 2 104 1 1 1 4 220 484 46
319 4 11 9 4 3 96 1 722 244 543 2 2 5 18 672 6 12 249 98
