20 25
3 145 412 13 1 2 607 12 13 786 185 33 3 4 1 1 165 13 1 330
2 22 402 1 2 1 56 18 2 10 637 230 10 6 76 23 38 58 1 6
101 1 84 17 28 37 470 62 204 6 1 121 54 246 346 11 469 75 945 503
12 4 12 103 25 88 74 1 423 20 4 772 20 21 3 18 506 15 2 486
7 961 63 49 975 598 678 84 32 226 395 4 5 29 7 74 4 78 8 1
58 2 30 3 53 2 203 661 65 5 53 25 225 3 114 1 66 727 626 2
31 63 3 69 570 61 63 825 160 21 8 36 463 6 1 4 1 3 11 30
625 15 115 239 18 233 76 3 175 84 63 11 170 7 213 153 107 24 158 110
391 4 3 13 89 21 501 2 27 55 468 37 1 19 390 1 6 362 146 1
32 231 321 2 809 211 2 57 51 1 421 12 120 210 9 74 7 5 7 2
2 1 962 65 1 1 97 221 847 122 66 1 1 7 7 876 684 726 86 186
278 186 59 7 87 30 21 838 293 713 2 24 4 4 392 6 99 22 3 262
19 6 22 261 7 34 191 1 973 1 290 25 616 121 58 79 1 68 49 90
232 1 7 92 1 89 11 2 2 19 113 571 6 677 21 35 88 9 21 1
30 421 110 81 2 6 5 123 1 405 2 77 94 24 205 2 1 1 43 4
430 10 1 491 5 2 4 505 351 90 198 234 44 6 4 14 103 377 7 926
16 291 110 434 1 1 4 34 80 1 8 1 10 7 13 2 4 878 454 293
2 2 5 1 12 348 331 139 1 840 11 5 802 138 9 344 10 454 191 5
4 66 50 55 5 3 48 884 13 57 18 21 183 146 119 133 14 16 156 1
60 413 249 5 136 90 431 547 838 583 4 28 185 267 6 285 3 20 180 16
