20 273
26 22 26 1 1 21 133 111 833 4 2 4 29 8 1 45 19 28 39 72
320 63 4 1 635 1 55 932 10 108 5 1 290 1 5 476 62 10 1 718
240 2 49 3 468 2 3 2 11 12 466 129 243 2 11 7 1 853 30 3
2 747 681 4 289 178 144 1 1 942 20 3 1 832 7 3 1 2 1 11
3 61 13 427 5 11 24 907 60 32 3 5 450 23 128 366 9 75 55 30
11 151 194 668 2 251 593 152 254 89 104 4 848 1 8 1 162 11 5 375
34 223 6 353 1 3 8 61 712 435 83 94 67 1 3 7 11 173 5 1
2 21 192 2 368 83 6 105 28 12 1 12 1 23 34 18 429 252 3 4
994 12 944 9 3 553 21 794 1 67 608 231 144 3 56 17 244 18 7 9
1 11 2 376 6 5 320 760 816 1 649 8 36 13 16 7 1 136 196 311
142 974 1 74 8 4 9 12 8 5 568 16 12 114 126 3 77 34 7 5
2 1 43 344 38 18 180 362 1 2 205 9 57 145 2 19 12 5 81 50
13 3 46 575 873 4 25 455 7 2 10 37 38 4 831 20 1 816 2 13
848 38 4 360 294 98 4 11 106 15 19 132 24 4 17 12 3 755 27 45
1 948 4 70 8 109 6 7 753 325 9 677 2 10 177 4 37 4 1 7
10 31 565 26 6 260 9 4 311 1 86 16 52 70 7 78 21 655 6 1
897 2 8 4 1 14 3 11 4 1 1 3 38 14 18 965 2 11 135 1
8 42 1 6 10 212 1 25 48 7 13 8 21 53 2 26 45 956 4 364
28 36 9 144 166 79 85 106 205 337 124 690 1 1 621 1 9 4 152 489
90 1 551 4 64 32 712 554 6 136 75 77 2 507 256 3 115 7 1 519
