20 382
4 387 1 558 2 9 561 177 17 1 263 6 173 1 62 1 1 452 11 107
12 2 666 849 2 5 146 106 8 2 1 638 2 68 1 24 8 32 2 99
40 28 45 428 21 238 2 26 727 43 348 528 143 105 3 3 969 33 18 23
783 31 643 21 52 2 29 179 1 130 155 3 14 627 4 107 2 220 3 45
9 58 34 4 15 265 1 226 44 163 46 5 324 41 401 2 695 66 24 86
8 28 91 3 112 41 19 13 43 62 116 107 12 325 24 2 700 82 55 327
51 1 1 6 3 389 1 7 231 14 32 1 499 122 190 302 6 12 8 200
95 1 147 19 1 411 12 23 1 2 5 4 1 7 273 26 2 106 456 1
1 2 99 74 34 1 14 1 1 230 596 138 358 3 1 1 2 1 1 121
7 415 237 1 17 10 2 2 9 87 1 28 1 424 60 719 55 29 10 715
1 1 3 160 81 237 865 132 22 1 28 201 803 496 42 13 6 21 2 53
193 9 121 19 18 258 3 5 86 22 73 1 4 2 189 30 142 70 10 337
39 10 370 1 29 529 1 85 2 19 757 6 27 2 13 14 30 1 3 149
2 397 10 1 39 185 693 5 18 20 844 362 74 6 1 65 56 31 39 1
1 1 29 16 373 331 32 5 27 1 6 303 28 66 4 2 2 2 12 95
48 21 2 1 21 5 2 426 10 324 687 166 598 304 69 37 1 1 986 19
9 4 6 75 29 843 574 1 89 460 1 16 48 3 59 3 23 21 6 1
982 10 21 23 7 24 3 5 5 7 3 2 162 1 435 286 1 1 13 34
20 94 4 1 298 14 38 81 10 2 1 73 10 39 356 58 40 1 52 141
1 19 21 20 1 48 275 26 6 580 68 1 3 56 91 3 1 8 18 46
