20 112
1 27 40 24 5 161 4 1 35 18 8 6 50 5 7 4 329 1 48 30
11 111 84 25 226 47 1 38 241 6 5 5 148 48 12 8 9 25 104 49
14 8 195 146 6 62 340 7 1 18 116 27 7 164 2 10 6 107 158 24
345 245 491 18 1 1 5 57 112 4 668 12 13 609 2 776 1 8 39 857
687 3 527 1 20 4 63 90 45 15 1 1 14 3 101 47 90 25 289 6
150 28 19 1 36 109 131 517 36 606 280 5 64 4 8 45 2 508 8 5
734 16 98 43 2 323 2 115 518 42 232 264 136 4 22 1 13 22 2 266
1 211 3 430 42 1 1 359 970 181 1 86 18 503 358 1 202 813 8 6
4 13 199 142 18 11 30 41 26 89 929 124 7 724 31 1 23 82 34 17
1 47 3 134 13 304 9 504 245 151 12 383 4 1 2 331 500 205 469 209
11 29 106 205 475 109 29 19 1 8 1 80 19 739 14 8 153 3 1 338
42 137 90 20 521 7 1 69 1 31 8 440 1 36 6 3 1 281 11 60
390 4 44 6 804 4 1 59 169 2 4 67 1 2 80 445 278 1 17 113
78 718 1 2 108 811 338 6 934 14 21 17 24 1 6 409 326 259 1 197
5 9 19 154 1 4 22 3 24 3 28 83 1 512 105 21 46 6 422 1
3 49 5 13 138 24 25 10 7 329 5 33 402 18 9 503 1 2 863 159
570 6 47 15 64 6 139 46 30 884 84 53 20 975 817 282 223 697 6 3
19 330 351 18 491 97 5 4 460 10 7 1 88 594 217 44 963 1 22 61
85 1 8 135 6 20 1 6 225 38 41 1 184 2 34 128 2 68 5 43
2 1 1 726 1 1 130 75 262 127 234 8 14 1 568 83 4 6 885 3
