20 74
118 63 28 21 29 251 240 26 2 20 24 1 249 390 1 3 890 1 1 1
275 9 500 12 2 26 834 16 271 121 256 1 86 697 34 389 222 591 1 288
17 40 8 203 78 26 263 24 36 2 947 297 699 586 863 3 3 1 3 6
1 152 1 42 11 63 21 12 47 36 1 89 26 4 733 103 836 2 107 338
265 566 30 1 72 44 154 3 5 4 16 29 59 14 159 99 954 253 168 241
9 43 341 49 92 100 240 106 79 505 944 156 1 932 176 1 7 1 5 633
38 11 5 64 5 241 5 5 1 358 136 100 61 7 1 752 47 417 89 1
309 61 77 47 6 879 162 75 116 1 178 4 22 2 2 32 24 175 15 187
397 2 116 31 62 23 606 5 4 2 837 4 17 16 119 10 163 686 1 1
955 30 159 1 61 1 1 7 104 289 4 7 5 669 16 82 7 285 690 1
7 100 466 508 43 840 815 5 3 833 3 20 10 37 391 6 74 415 110 1
9 2 327 9 1 183 16 515 460 390 723 3 4 108 35 7 54 1 2 500
352 6 19 1 984 9 7 751 116 3 1 3 278 650 436 640 23 4 10 127
1 139 39 3 255 664 54 149 475 96 361 1 308 107 257 73 2 51 42 308
179 42 181 493 142 2 106 110 7 29 16 18 69 557 2 114 536 2 34 130
22 1 62 39 65 857 102 4 10 1 1 749 7 377 2 3 42 111 107 27
11 2 1 165 450 1 3 3 1 16 23 4 54 7 8 1 167 17 849 4
500 31 6 2 164 570 126 157 33 12 52 8 224 3 8 125 1 4 737 4
132 280 192 4 1 1 2 54 3 3 734 1 22 753 61 102 1 7 69 4
91 3 53 105 18 155 8 472 354 68 17 278 23 2 2 1 4 2 75 2
