20 25
996 40 1 3 177 178 591 5 88 14 54 46 7 27 138 631 182 1 2 211
104 42 7 1 105 70 81 926 10 6 304 788 7 1 683 129 27 168 38 4
2 297 93 6 53 16 44 243 23 69 649 14 2 8 1 34 55 10 10 319
10 45 390 1 72 5 3 86 2 339 74 91 10 81 421 8 1 50 548 36
21 3 13 5 31 958 75 710 126 1 2 8 344 18 8 2 50 3 786 9
4 3 10 33 10 36 16 8 63 1 1 34 71 136 8 1 83 435 3 878
120 1 2 1 1 229 151 3 749 1 1 5 220 875 39 2 69 2 256 6
922 300 263 79 2 27 189 94 2 18 4 62 484 22 648 11 243 20 1 574
7 1 6 1 1 1 30 1 409 7 286 705 2 1 1 1 67 1 25 12
3 39 978 1 40 7 16 114 218 31 648 157 1 8 270 295 213 89 26 5
9 211 799 2 94 7 22 39 373 185 300 776 1 20 69 52 288 128 66 215
2 338 17 24 84 2 1 206 3 9 1 2 917 1 74 3 3 29 5 356
6 64 3 527 31 257 1 11 318 277 166 1 17 4 3 890 324 173 139 9
12 14 2 309 6 6 14 20 1 2 8 317 46 103 4 20 293 734 158 9
12 91 1 12 7 54 126 3 336 2 31 11 33 4 49 2 645 2 20 6
8 526 66 725 3 2 985 323 784 35 458 17 74 17 12 87 544 58 197 268
1 329 2 4 23 873 28 9 14 2 10 201 17 64 2 1 35 14 1 88
235 350 398 213 1 13 18 538 160 927 56 163 46 40 61 3 8 515 2 46
19 31 124 449 4 5 2 6 255 12 79 6 1 88 18 154 2 722 209 712
2 109 11 65 157 10 5 820 91 165 2 24 37 1 11 200 135 191 17 1
