20 343
7 14 1 79 23 2 151 585 239 366 1 4 18 903 2 567 973 18 2 538
6 162 37 122 163 8 26 1 426 14 1 329 140 76 840 3 113 2 9 533
1 463 10 2 4 159 420 4 25 791 2 410 71 185 408 495 78 35 1 289
1 752 11 193 230 21 1 52 449 6 144 69 2 418 623 73 1 64 269 9
15 34 1 98 14 17 1 247 1 10 4 1 10 7 623 135 50 350 624 1
67 7 527 1 421 73 223 755 178 3 190 44 8 23 105 33 179 289 1 5
17 14 420 3 10 129 1 1 410 1 209 3 16 268 15 16 1 837 37 9
191 299 1 1 117 6 7 667 678 503 58 3 447 13 25 304 1 153 503 198
852 3 702 122 68 4 11 39 102 156 2 1 13 4 25 39 110 59 12 662
4 231 906 7 321 9 1 6 116 13 2 860 16 120 99 860 218 13 14 7
930 101 29 46 1 15 332 15 984 10 15 1 11 87 213 1 106 11 492 83
2 30 17 23 198 2 16 4 341 178 567 45 1 110 1 802 4 90 6 623
3 244 1 41 26 146 605 449 593 3 253 2 10 15 644 44 2 35 4 2
3 6 44 10 197 24 476 424 4 606 5 2 10 62 9 1 112 449 3 2
511 80 263 13 3 6 31 17 26 26 3 8 62 2 1 164 422 240 71 74
514 20 17 8 318 276 29 9 31 63 2 205 77 18 23 608 3 28 10 340
819 55 236 9 46 571 4 2 190 1 153 503 46 63 5 72 3 95 1 459
1 252 20 16 30 4 2 4 47 33 4 59 18 19 259 1 601 1 79 17
54 81 47 1 5 77 4 1 439 3 1 44 3 4 122 12 1 33 52 303
17 126 5 78 63 2 64 751 7 42 5 4 15 525 48 95 39 157 704 10
