20 265
232 31 59 16 6 10 1 887 9 825 118 33 1 163 48 157 2 18 2 152
25 1 11 60 171 464 4 649 43 896 8 12 1 101 134 3 5 87 203 13
263 44 89 302 6 51 3 808 246 98 45 191 2 2 27 306 1 3 44 17
64 109 29 305 339 133 1 7 45 110 35 37 74 10 971 67 22 63 1 20
18 45 3 182 424 582 24 263 34 5 1 49 8 1 120 6 160 9 4 2
16 21 2 904 40 466 6 1 91 3 126 280 160 137 19 18 229 579 10 32
571 2 131 1 19 345 4 2 13 125 1 26 926 3 32 508 13 14 160 263
420 18 3 81 50 3 554 479 3 3 5 9 10 3 2 936 2 956 171 14
968 856 68 13 12 9 348 24 875 185 131 1 5 323 8 350 3 534 9 5
151 4 11 409 41 7 551 207 100 8 3 4 52 9 7 10 12 1 8 1
1 17 1 302 4 55 1 15 75 34 2 360 1 254 47 9 23 42 16 9
9 30 72 5 23 9 1 2 133 356 3 33 622 203 391 9 3 1 1 988
3 1 715 6 4 106 167 4 82 272 4 1 2 1 14 22 1 4 836 62
1 52 15 24 466 1 204 7 1 2 2 3 2 52 5 90 3 144 4 34
585 89 9 2 1 242 2 10 370 66 39 1 287 68 12 34 14 153 802 1
9 123 5 67 8 25 219 5 8 49 485 8 49 790 71 261 588 199 435 1
78 106 140 130 1 144 400 2 259 1 230 7 70 5 15 129 1 562 536 537
87 899 8 12 1 2 2 4 4 221 86 10 142 8 15 13 658 209 24 22
32 3 43 2 1 103 34 226 48 16 26 47 350 9 3 3 13 6 3 714
27 30 4 9 127 265 31 197 450 537 349 21 236 837 1 34 7 83 261 340
